0 0 0 0 0 0 0 0 0 0 0 0 0 0 0 0 0 0 0 0 0 0 0 0 0 0 0 0 0 0 0 0 0 0 0 0 0 0 0 0 0 0 0 0 0 0 0 0 0 0 0 0 0 0 0 0 0 0 0 0 0 0 0 0 0 0 0 0 0 0 0 0 0 0 0 0 0 0 0 0 0 0 0 0 0 0 0 0 0 0 0 0 0 0 0 0 0 0 0 0 0 0 0 0 0 0 0 0 0 0 0 0 0 0 0 0 0 0 0 0 0 0 0 0 0 0 0 0 0 0 0 0 0 0 0 0 0 0 0 0 0 0 0 0 0 0 0 0 0 0 0 0 0 0 0 0 0 0 0 0 0 0 0 0 0 0 0 0 0 0 0 0 0 0 0 0 0 0 0 0 0 0 0 0 0 0 0 0 
0 0 0 0 0 0 0 0 0 0 0 0 0 0 0 0 0 0 0 0 0 0 0 0 0 0 0 0 0 0 0 0 0 0 0 0 0 0 0 0 0 0 0 0 0 0 0 0 0 0 0 0 0 0 0 0 0 0 0 0 0 0 0 0 0 0 0 0 0 0 0 0 0 0 0 0 0 0 0 0 0 0 0 0 0 0 0 0 0 0 0 0 0 0 0 0 0 0 0 0 0 0 0 0 0 0 0 0 0 0 0 0 0 0 0 0 0 0 0 0 0 0 0 0 0 0 0 0 0 0 0 0 0 0 0 0 0 0 0 0 0 0 0 0 0 0 0 0 0 0 0 0 0 0 0 0 0 0 0 0 0 0 0 0 0 0 0 0 0 0 0 0 0 0 0 0 0 0 0 0 0 0 0 0 0 0 0 0 
0 0 0 0 0 0 0 0 0 0 0 0 0 0 0 0 0 0 0 0 0 0 0 0 0 0 0 0 0 0 0 0 0 0 0 0 0 0 0 0 0 0 0 0 0 0 0 0 0 0 0 0 0 0 0 0 0 0 0 0 0 0 0 0 0 0 0 0 0 0 0 0 0 0 0 0 0 0 0 0 0 0 0 0 0 0 0 0 0 0 0 0 0 0 0 0 0 0 0 0 0 0 0 0 0 0 0 0 0 0 0 0 0 0 0 0 0 0 0 0 0 0 0 0 0 0 0 0 0 0 0 0 0 0 0 0 0 0 0 0 0 0 0 0 0 0 0 0 0 0 0 0 0 0 0 0 0 0 0 0 0 0 0 0 0 0 0 0 0 0 0 0 0 0 0 0 0 0 0 0 0 0 0 0 0 0 0 0 
0 0 0 0 0 0 0 0 0 0 0 0 0 0 0 0 0 0 0 0 0 0 0 0 0 0 0 0 0 0 0 0 0 0 0 0 0 0 0 0 0 0 0 0 0 0 0 0 0 0 0 0 0 0 0 0 0 0 0 0 0 0 0 0 0 0 0 0 0 0 0 0 0 0 0 0 0 0 0 0 0 0 0 0 0 0 0 0 0 0 0 0 0 0 0 0 0 0 0 0 0 0 0 0 0 0 0 0 0 0 0 0 0 0 0 0 0 0 0 0 0 0 0 0 0 0 0 0 0 0 0 0 0 0 0 0 0 0 0 0 0 0 0 0 0 0 0 0 0 0 0 0 0 0 0 0 0 0 0 0 0 0 0 0 0 0 0 0 0 0 0 0 0 0 0 0 0 0 0 0 0 0 0 0 0 0 0 0 
0 0 0 0 0 0 0 0 0 0 0 0 0 0 0 0 0 0 0 0 0 0 0 0 0 0 0 0 0 0 0 0 0 0 0 0 0 0 0 0 0 0 0 0 0 0 0 0 0 0 0 0 0 0 0 0 0 0 0 0 0 0 0 0 0 0 0 0 0 0 0 0 0 0 0 0 0 0 0 0 0 0 0 0 0 0 0 0 0 0 0 0 0 0 0 0 0 0 0 0 0 0 0 0 0 0 0 0 0 0 0 0 0 0 0 0 0 0 0 0 0 0 0 0 0 0 0 0 0 0 0 0 0 0 0 0 0 0 0 0 0 0 0 0 0 0 0 0 0 0 0 0 0 0 0 0 0 0 0 0 0 0 0 0 0 0 0 0 0 0 0 0 0 0 0 0 0 0 0 0 0 0 0 0 0 0 0 0 
0 0 0 0 0 0 0 0 0 0 0 0 0 0 0 0 0 0 0 0 0 0 0 0 0 0 0 0 0 0 0 0 0 0 0 0 0 0 0 0 0 0 0 0 0 0 0 0 0 0 0 0 0 0 0 0 0 0 0 0 0 0 0 0 0 0 0 0 0 0 0 0 0 0 0 0 0 0 0 0 0 0 0 0 0 0 0 0 0 0 0 0 0 0 0 0 0 0 0 0 0 0 0 0 0 0 0 0 0 0 0 0 0 0 0 0 0 0 0 0 0 0 0 0 0 0 0 0 0 0 0 0 0 0 0 0 0 0 0 0 0 0 0 0 0 0 0 0 0 0 0 0 0 0 0 0 0 0 0 0 0 0 0 0 0 0 0 0 0 0 0 0 0 0 0 0 0 0 0 0 0 0 0 0 0 0 0 0 
0 0 0 0 0 0 0 0 0 0 0 0 0 0 0 0 0 0 0 0 0 0 0 0 0 0 0 0 0 0 0 0 0 0 0 0 0 0 0 0 0 0 0 0 0 0 0 0 0 0 0 0 0 0 0 0 0 0 0 0 0 0 0 0 0 0 0 0 0 0 0 0 0 0 0 0 0 0 0 0 0 0 0 0 0 0 0 0 0 0 0 0 0 0 0 0 0 0 0 0 0 0 0 0 0 0 0 0 0 0 0 0 0 0 0 0 0 0 0 0 0 0 0 0 0 0 0 0 0 0 0 0 0 0 0 0 0 0 0 0 0 0 0 0 0 0 0 0 0 0 0 0 0 0 0 0 0 0 0 0 0 0 0 0 0 0 0 0 0 0 0 0 0 0 0 0 0 0 0 0 0 0 0 0 0 0 0 0 
0 0 0 0 0 0 0 0 0 0 0 0 0 0 0 0 0 0 0 0 0 0 0 0 0 0 0 0 0 0 0 0 0 0 0 0 0 0 0 0 0 0 0 0 0 0 0 0 0 0 0 0 0 0 0 0 0 0 0 0 0 0 0 0 0 0 0 0 0 0 0 0 0 0 0 0 0 0 0 0 0 0 0 0 0 0 0 0 0 0 0 0 0 0 0 0 0 0 0 0 0 0 0 0 0 0 0 0 0 0 0 0 0 0 0 0 0 0 0 0 0 0 0 0 0 0 0 0 0 0 0 0 0 0 0 0 0 0 0 0 0 0 0 0 0 0 0 0 0 0 0 0 0 0 0 0 0 0 0 0 0 0 0 0 0 0 0 0 0 0 0 0 0 0 0 0 0 0 0 0 0 0 0 0 0 0 0 0 
0 0 0 0 0 0 0 0 0 0 0 0 0 0 0 0 0 0 0 0 0 0 0 0 0 0 0 0 0 0 0 0 0 0 0 0 0 0 0 0 0 0 0 0 0 0 0 0 0 0 0 0 0 0 0 0 0 0 0 0 0 0 0 0 0 0 0 0 0 0 0 0 0 0 0 0 0 0 0 0 0 0 0 0 0 0 0 0 0 0 0 0 0 0 0 0 0 0 0 0 0 0 0 0 0 0 0 0 0 0 0 0 0 0 0 0 0 0 0 0 0 0 0 0 0 0 0 0 0 0 0 0 0 0 0 0 0 0 0 0 0 0 0 0 0 0 0 0 0 0 0 0 0 0 0 0 0 0 0 0 0 0 0 0 0 0 0 0 0 0 0 0 0 0 0 0 0 0 0 0 0 0 0 0 0 0 0 0 
0 0 0 0 0 0 0 0 0 0 0 0 0 0 0 0 0 0 0 0 0 0 0 0 0 0 0 0 0 0 0 0 0 0 0 0 0 0 0 0 0 0 0 0 0 0 0 0 0 0 0 0 0 0 0 0 0 0 0 0 0 0 0 0 0 0 0 0 0 0 0 0 0 0 0 0 0 0 0 0 0 0 0 0 0 0 0 0 0 0 0 0 0 0 0 0 0 0 0 0 0 0 0 0 0 0 0 0 0 0 0 0 0 0 0 0 0 0 0 0 0 0 0 0 0 0 0 0 0 0 0 0 0 0 0 0 0 0 0 0 0 0 0 0 0 0 0 0 0 0 0 0 0 0 0 0 0 0 0 0 0 0 0 0 0 0 0 0 0 0 0 0 0 0 0 0 0 0 0 0 0 0 0 0 0 0 0 0 
0 0 0 0 0 0 0 0 0 0 0 0 0 0 0 0 0 0 0 0 0 0 0 0 0 0 0 0 0 0 0 0 0 0 0 0 0 0 0 0 0 0 0 0 0 0 0 0 0 0 0 0 0 0 0 0 0 0 0 0 0 0 0 0 0 0 0 0 0 0 0 0 0 0 0 0 0 0 0 0 0 0 0 0 0 0 0 0 0 0 0 0 0 0 0 0 0 0 0 0 0 0 0 0 0 0 0 0 0 0 0 0 0 0 0 0 0 0 0 0 0 0 0 0 0 0 0 0 0 0 0 0 0 0 0 0 0 0 0 0 0 0 0 0 0 0 0 0 0 0 0 0 0 0 0 0 0 0 0 0 0 0 0 0 0 0 0 0 0 0 0 0 0 0 0 0 0 0 0 0 0 0 0 0 0 0 0 0 
0 0 0 0 0 0 0 0 0 0 0 0 0 0 0 0 0 0 0 0 0 0 0 0 0 0 0 0 0 0 0 0 0 0 0 0 0 0 0 0 0 0 0 0 0 0 0 0 0 0 0 0 0 0 0 0 0 0 0 0 0 0 0 0 0 0 0 0 0 0 0 0 0 0 0 0 0 0 0 0 0 0 0 0 0 0 0 0 0 0 0 0 0 0 0 0 0 0 0 0 0 0 0 0 0 0 0 0 0 0 0 0 0 0 0 0 0 0 0 0 0 0 0 0 0 0 0 0 0 0 0 0 0 0 0 0 0 0 0 0 0 0 0 0 0 0 0 0 0 0 0 0 0 0 0 0 0 0 0 0 0 0 0 0 0 0 0 0 0 0 0 0 0 0 0 0 0 0 0 0 0 0 0 0 0 0 0 0 
0 0 0 0 0 0 0 0 0 0 0 0 0 0 0 0 0 0 0 0 0 0 0 0 0 0 0 0 0 0 0 0 0 0 0 0 0 0 0 0 0 0 0 0 0 0 0 0 0 0 0 0 0 0 0 0 0 0 0 0 0 0 0 0 0 0 0 0 0 0 0 0 0 0 0 0 0 0 0 0 0 0 0 0 0 0 0 0 0 0 0 0 0 0 0 0 0 0 0 0 0 0 0 0 0 0 0 0 0 0 0 0 0 0 0 0 0 0 0 0 0 0 0 0 0 0 0 0 0 0 0 0 0 0 0 0 0 0 0 0 0 0 0 0 0 0 0 0 0 0 0 0 0 0 0 0 0 0 0 0 0 0 0 0 0 0 0 0 0 0 0 0 0 0 0 0 0 0 0 0 0 0 0 0 0 0 0 0 
0 0 0 0 0 0 0 0 0 0 0 0 0 0 0 0 0 0 0 0 0 0 0 0 0 0 0 0 0 0 0 0 0 0 0 0 0 0 0 0 0 0 0 0 0 0 0 0 0 0 0 0 0 0 0 0 0 0 0 0 0 0 0 0 0 0 0 0 0 0 0 0 0 0 0 0 0 0 0 0 0 0 0 0 0 0 0 0 0 0 0 0 0 0 0 0 0 0 0 0 0 0 0 0 0 0 0 0 0 0 0 0 0 0 0 0 0 0 0 0 0 0 0 0 0 0 0 0 0 0 0 0 0 0 0 0 0 0 0 0 0 0 0 0 0 0 0 0 0 0 0 0 0 0 0 0 0 0 0 0 0 0 0 0 0 0 0 0 0 0 0 0 0 0 0 0 0 0 0 0 0 0 0 0 0 0 0 0 
0 0 0 0 0 0 0 0 0 0 0 0 0 0 0 0 0 0 0 0 0 0 0 0 0 0 0 0 0 0 0 0 0 0 0 0 0 0 0 0 0 0 0 0 0 0 0 0 0 0 0 0 0 0 0 0 0 0 0 0 0 0 0 0 0 0 0 0 0 0 0 0 0 0 0 0 0 0 0 0 0 0 0 0 0 0 0 0 0 0 0 0 0 0 0 0 0 0 0 0 0 0 0 0 0 0 0 0 0 0 0 0 0 0 0 0 0 0 0 0 0 0 0 0 0 0 0 0 0 0 0 0 0 0 0 0 0 0 0 0 0 0 0 0 0 0 0 0 0 0 0 0 0 0 0 0 0 0 0 0 0 0 0 0 0 0 0 0 0 0 0 0 0 0 0 0 0 0 0 0 0 0 0 0 0 0 0 0 
0 0 0 0 0 0 0 0 0 0 0 0 0 0 0 0 0 0 0 0 0 0 0 0 0 0 0 0 0 0 0 0 0 0 0 0 0 0 0 0 0 0 0 0 0 0 0 0 0 0 0 0 0 0 0 0 0 0 0 0 0 0 0 0 0 0 0 0 0 0 0 0 0 0 0 0 0 0 0 0 0 0 0 0 0 0 0 0 0 0 0 0 0 0 0 0 0 0 0 0 0 0 0 0 0 0 0 0 0 0 0 0 0 0 0 0 0 0 0 0 0 0 0 0 0 0 0 0 0 0 0 0 0 0 0 0 0 0 0 0 0 0 0 0 0 0 0 0 0 0 0 0 0 0 0 0 0 0 0 0 0 0 0 0 0 0 0 0 0 0 0 0 0 0 0 0 0 0 0 0 0 0 0 0 0 0 0 0 
0 0 0 0 0 0 0 0 0 0 0 0 0 0 0 0 0 0 0 0 0 0 0 0 0 0 0 0 0 0 0 0 0 0 0 0 0 0 0 0 0 0 0 0 0 0 0 0 0 0 0 0 0 0 0 0 0 0 0 0 0 0 0 0 0 0 0 0 0 0 0 0 0 0 0 0 0 0 0 0 0 0 0 0 0 0 0 0 0 0 0 0 0 0 0 0 0 0 0 0 0 0 0 0 0 0 0 0 0 0 0 0 0 0 0 0 0 0 0 0 0 0 0 0 0 0 0 0 0 0 0 0 0 0 0 0 0 0 0 0 0 0 0 0 0 0 0 0 0 0 0 0 0 0 0 0 0 0 0 0 0 0 0 0 0 0 0 0 0 0 0 0 0 0 0 0 0 0 0 0 0 0 0 0 0 0 0 0 
0 0 0 0 0 0 0 0 0 0 0 0 0 0 0 0 0 0 0 0 0 0 0 0 0 0 0 0 0 0 0 0 0 0 0 0 0 0 0 0 0 0 0 0 0 0 0 0 0 0 0 0 0 0 0 0 0 0 0 0 0 0 0 0 0 0 0 0 0 0 0 0 0 0 0 0 0 0 0 0 0 0 0 0 0 0 0 0 0 0 0 0 0 0 0 0 0 0 0 0 0 0 0 0 0 0 0 0 0 0 0 0 0 0 0 0 0 0 0 0 0 0 0 0 0 0 0 0 0 0 0 0 0 0 0 0 0 0 0 0 0 0 0 0 0 0 0 0 0 0 0 0 0 0 0 0 0 0 0 0 0 0 0 0 0 0 0 0 0 0 0 0 0 0 0 0 0 0 0 0 0 0 0 0 0 0 0 0 
0 0 0 0 0 0 0 0 0 0 0 0 0 0 0 0 0 0 0 0 0 0 0 0 0 0 0 0 0 0 0 0 0 0 0 0 0 0 0 0 0 0 0 0 0 0 0 0 0 0 0 0 0 0 0 0 0 0 0 0 0 0 0 0 0 0 0 0 0 0 0 0 0 0 0 0 0 0 0 0 0 0 0 0 0 0 0 0 0 0 0 0 0 0 0 0 0 0 0 0 0 0 0 0 0 0 0 0 0 0 0 0 0 0 0 0 0 0 0 0 0 0 0 0 0 0 0 0 0 0 0 0 0 0 0 0 0 0 0 0 0 0 0 0 0 0 0 0 0 0 0 0 0 0 0 0 0 0 0 0 0 0 0 0 0 0 0 0 0 0 0 0 0 0 0 0 0 0 0 0 0 0 0 0 0 0 0 0 
0 0 0 0 0 0 0 0 0 0 0 0 0 0 0 0 0 0 0 0 0 0 0 0 0 0 0 0 0 0 0 0 0 0 0 0 0 0 0 0 0 0 0 0 0 0 0 0 0 0 0 0 0 0 0 0 0 0 0 0 0 0 0 0 0 0 0 0 0 0 0 0 0 0 0 0 0 0 0 0 0 0 0 0 0 0 0 0 0 0 0 0 0 0 0 0 0 0 0 0 0 0 0 0 0 0 0 0 0 0 0 0 0 0 0 0 0 0 0 0 0 0 0 0 0 0 0 0 0 0 0 0 0 0 0 0 0 0 0 0 0 0 0 0 0 0 0 0 0 0 0 0 0 0 0 0 0 0 0 0 0 0 0 0 0 0 0 0 0 0 0 0 0 0 0 0 0 0 0 0 0 0 0 0 0 0 0 0 
0 0 0 0 0 0 0 0 0 0 0 0 0 0 0 0 0 0 0 0 0 0 0 0 0 0 0 0 0 0 0 0 0 0 0 0 0 0 0 0 0 0 0 0 0 0 0 0 0 0 0 0 0 0 0 0 0 0 0 0 0 0 0 0 0 0 0 0 0 0 0 0 0 0 0 0 0 0 0 0 0 0 0 0 0 0 0 0 0 0 0 0 0 0 0 0 0 0 0 0 0 0 0 0 0 0 0 0 0 0 0 0 0 0 0 0 0 0 0 0 0 0 0 0 0 0 0 0 0 0 0 0 0 0 0 0 0 0 0 0 0 0 0 0 0 0 0 0 0 0 0 0 0 0 0 0 0 0 0 0 0 0 0 0 0 0 0 0 0 0 0 0 0 0 0 0 0 0 0 0 0 0 0 0 0 0 0 0 
0 0 0 0 0 0 0 0 0 0 0 0 0 0 0 0 0 0 0 0 0 0 0 0 0 0 0 0 0 0 0 0 0 0 0 0 0 0 0 0 0 0 0 0 0 0 0 0 0 0 0 0 0 0 0 0 0 0 0 0 0 0 0 0 0 0 0 0 0 0 0 0 0 0 0 0 0 0 0 0 0 0 0 0 0 0 0 0 0 0 0 0 0 0 0 0 0 0 0 0 0 0 0 0 0 0 0 0 0 0 0 0 0 0 0 0 0 0 0 0 0 0 0 0 0 0 0 0 0 0 0 0 0 0 0 0 0 0 0 0 0 0 0 0 0 0 0 0 0 0 0 0 0 0 0 0 0 0 0 0 0 0 0 0 0 0 0 0 0 0 0 0 0 0 0 0 0 0 0 0 0 0 0 0 0 0 0 0 
0 0 0 0 0 0 0 0 0 0 0 0 0 0 0 0 0 0 0 0 0 0 0 0 0 0 0 0 0 0 0 0 0 0 0 0 0 0 0 0 0 0 0 0 0 0 0 0 0 0 0 0 0 0 0 0 0 0 0 0 0 0 0 0 0 0 0 0 0 0 0 0 0 0 0 0 0 0 0 0 0 0 0 0 0 0 0 0 0 0 0 0 0 0 0 0 0 0 0 0 0 0 0 0 0 0 0 0 0 0 0 0 0 0 0 0 0 0 0 0 0 0 0 0 0 0 0 0 0 0 0 0 0 0 0 0 0 0 0 0 0 0 0 0 0 0 0 0 0 0 0 0 0 0 0 0 0 0 0 0 0 0 0 0 0 0 0 0 0 0 0 0 0 0 0 0 0 0 0 0 0 0 0 0 0 0 0 0 
0 0 0 0 0 0 0 0 0 0 0 0 0 0 0 0 0 0 0 0 0 0 0 0 0 0 0 0 0 0 0 0 0 0 0 0 0 0 0 0 0 0 0 0 0 0 0 0 0 0 0 0 0 0 0 0 0 0 0 0 0 0 0 0 0 0 0 0 0 0 0 0 0 0 0 0 0 0 0 0 0 0 0 0 0 0 0 0 0 0 0 0 0 0 0 0 0 0 0 0 0 0 0 0 0 0 0 0 0 0 0 0 0 0 0 0 0 0 0 0 0 0 0 0 0 0 0 0 0 0 0 0 0 0 0 0 0 0 0 0 0 0 0 0 0 0 0 0 0 0 0 0 0 0 0 0 0 0 0 0 0 0 0 0 0 0 0 0 0 0 0 0 0 0 0 0 0 0 0 0 0 0 0 0 0 0 0 0 
0 0 0 0 0 0 0 0 0 0 0 0 0 0 0 0 0 0 0 0 0 0 0 0 0 0 0 0 0 0 0 0 0 0 0 0 0 0 0 0 0 0 0 0 0 0 0 0 0 0 0 0 0 0 0 0 0 0 0 0 0 0 0 0 0 0 0 0 0 0 0 0 0 0 0 0 0 0 0 0 0 0 0 0 0 0 0 0 0 0 0 0 0 0 0 0 0 0 0 0 0 0 0 0 0 0 0 0 0 0 0 0 0 0 0 0 0 0 0 0 0 0 0 0 0 0 0 0 0 0 0 0 0 0 0 0 0 0 0 0 0 0 0 0 0 0 0 0 0 0 0 0 0 0 0 0 0 0 0 0 0 0 0 0 0 0 0 0 0 0 0 0 0 0 0 0 0 0 0 0 0 0 0 0 0 0 0 0 
0 0 0 0 0 0 0 0 0 0 0 0 0 0 0 0 0 0 0 0 0 0 0 0 0 0 0 0 0 0 0 0 0 0 0 0 0 0 0 0 0 0 0 0 0 0 0 0 0 0 0 0 0 0 0 0 0 0 0 0 0 0 0 0 0 0 0 0 0 0 0 0 0 0 0 0 0 0 0 0 0 0 0 0 0 0 0 0 0 0 0 0 0 0 0 0 0 0 0 0 0 0 0 0 0 0 0 0 0 0 0 0 0 0 0 0 0 0 0 0 0 0 0 0 0 0 0 0 0 0 0 0 0 0 0 0 0 0 0 0 0 0 0 0 0 0 0 0 0 0 0 0 0 0 0 0 0 0 0 0 0 0 0 0 0 0 0 0 0 0 0 0 0 0 0 0 0 0 0 0 0 0 0 0 0 0 0 0 
0 0 0 0 0 0 0 0 0 0 0 0 0 0 0 0 0 0 0 0 0 0 0 0 0 0 0 0 0 0 0 0 0 0 0 0 0 0 0 0 0 0 0 0 0 0 0 0 0 0 0 0 0 0 0 0 0 0 0 0 0 0 0 0 0 0 0 0 0 0 0 0 0 0 0 0 0 0 0 0 0 0 0 0 0 0 0 0 0 0 0 0 0 0 0 0 0 0 0 0 0 0 0 0 0 0 0 0 0 0 0 0 0 0 0 0 0 0 0 0 0 0 0 0 0 0 0 0 0 0 0 0 0 0 0 0 0 0 0 0 0 0 0 0 0 0 0 0 0 0 0 0 0 0 0 0 0 0 0 0 0 0 0 0 0 0 0 0 0 0 0 0 0 0 0 0 0 0 0 0 0 0 0 0 0 0 0 0 
0 0 0 0 0 0 0 0 0 0 0 0 0 0 0 0 0 0 0 0 0 0 0 0 0 0 0 0 0 0 0 0 0 0 0 0 0 0 0 0 0 0 0 0 0 0 0 0 0 0 0 0 0 0 0 0 0 0 0 0 0 0 0 0 0 0 0 0 0 0 0 0 0 0 0 0 0 0 0 0 0 0 0 0 0 0 0 0 0 0 0 0 0 0 0 0 0 0 0 0 0 0 0 0 0 0 0 0 0 0 0 0 0 0 0 0 0 0 0 0 0 0 0 0 0 0 0 0 0 0 0 0 0 0 0 0 0 0 0 0 0 0 0 0 0 0 0 0 0 0 0 0 0 0 0 0 0 0 0 0 0 0 0 0 0 0 0 0 0 0 0 0 0 0 0 0 0 0 0 0 0 0 0 0 0 0 0 0 
0 0 0 0 0 0 0 0 0 0 0 0 0 0 0 0 0 0 0 0 0 0 0 0 0 0 0 0 0 0 0 0 0 0 0 0 0 0 0 0 0 0 0 0 0 0 0 0 0 0 0 0 0 0 0 0 0 0 0 0 0 0 0 0 0 0 0 0 0 0 0 0 0 0 0 0 0 0 0 0 0 0 0 0 0 0 0 0 0 0 0 0 0 0 0 0 0 0 0 0 0 0 0 0 0 0 0 0 0 0 0 0 0 0 0 0 0 0 0 0 0 0 0 0 0 0 0 0 0 0 0 0 0 0 0 0 0 0 0 0 0 0 0 0 0 0 0 0 0 0 0 0 0 0 0 0 0 0 0 0 0 0 0 0 0 0 0 0 0 0 0 0 0 0 0 0 0 0 0 0 0 0 0 0 0 0 0 0 
0 0 0 0 0 0 0 0 0 0 0 0 0 0 0 0 0 0 0 0 0 0 0 0 0 0 0 0 0 0 0 0 0 0 0 0 0 0 0 0 0 0 0 0 0 0 0 0 0 0 0 0 0 0 0 0 0 0 0 0 0 0 0 0 0 0 0 0 0 0 0 0 0 0 0 0 0 0 0 0 0 0 0 0 0 0 0 0 0 0 0 0 0 0 0 0 0 0 0 0 0 0 0 0 0 0 0 0 0 0 0 0 0 0 0 0 0 0 0 0 0 0 0 0 0 0 0 0 0 0 0 0 0 0 0 0 0 0 0 0 0 0 0 0 0 0 0 0 0 0 0 0 0 0 0 0 0 0 0 0 0 0 0 0 0 0 0 0 0 0 0 0 0 0 0 0 0 0 0 0 0 0 0 0 0 0 0 0 
0 0 0 0 0 0 0 0 0 0 0 0 0 0 0 0 0 0 0 0 0 0 0 0 0 0 0 0 0 0 0 0 0 0 0 0 0 0 0 0 0 0 0 0 0 0 0 0 0 0 0 0 0 0 0 0 0 0 0 0 0 0 0 0 0 0 0 0 0 0 0 0 0 0 0 0 0 0 0 0 0 0 0 0 0 0 0 0 0 0 0 0 0 0 0 0 0 0 0 0 0 0 0 0 0 0 0 0 0 0 0 0 0 0 0 0 0 0 0 0 0 0 0 0 0 0 0 0 0 0 0 0 0 0 0 0 0 0 0 0 0 0 0 0 0 0 0 0 0 0 0 0 0 0 0 0 0 0 0 0 0 0 0 0 0 0 0 0 0 0 0 0 0 0 0 0 0 0 0 0 0 0 0 0 0 0 0 0 
0 0 0 0 0 0 0 0 0 0 0 0 0 0 0 0 0 0 0 0 0 0 0 0 0 0 0 0 0 0 0 0 0 0 0 0 0 0 0 0 0 0 0 0 0 0 0 0 0 0 0 0 0 0 0 0 0 0 0 0 0 0 0 0 0 0 0 0 0 0 0 0 0 0 0 0 0 0 0 0 0 0 0 0 0 0 0 0 0 0 0 0 0 0 0 0 0 0 0 0 0 0 0 0 0 0 0 0 0 0 0 0 0 0 0 0 0 0 0 0 0 0 0 0 0 0 0 0 0 0 0 0 0 0 0 0 0 0 0 0 0 0 0 0 0 0 0 0 0 0 0 0 0 0 0 0 0 0 0 0 0 0 0 0 0 0 0 0 0 0 0 0 0 0 0 0 0 0 0 0 0 0 0 0 0 0 0 0 
0 0 0 0 0 0 0 0 0 0 0 0 0 0 0 0 0 0 0 0 0 0 0 0 0 0 0 0 0 0 0 0 0 0 0 0 0 0 0 0 0 0 0 0 0 0 0 0 0 0 0 0 0 0 0 0 0 0 0 0 0 0 0 0 0 0 0 0 0 0 0 0 0 0 0 0 0 0 0 0 0 0 0 0 0 0 0 0 0 0 0 0 0 0 0 0 0 0 0 0 0 0 0 0 0 0 0 0 0 0 0 0 0 0 0 0 0 0 0 0 0 0 0 0 0 0 0 0 0 0 0 0 0 0 0 0 0 0 0 0 0 0 0 0 0 0 0 0 0 0 0 0 0 0 0 0 0 0 0 0 0 0 0 0 0 0 0 0 0 0 0 0 0 0 0 0 0 0 0 0 0 0 0 0 0 0 0 0 
0 0 0 0 0 0 0 0 0 0 0 0 0 0 0 0 0 0 0 0 0 0 0 0 0 0 0 0 0 0 0 0 0 0 0 0 0 0 0 0 0 0 0 0 0 0 0 0 0 0 0 0 0 0 0 0 0 0 0 0 0 0 0 0 0 0 0 0 0 0 0 0 0 0 0 0 0 0 0 0 0 0 0 0 0 0 0 0 0 0 0 0 0 0 0 0 0 0 0 0 0 0 0 0 0 0 0 0 0 0 0 0 0 0 0 0 0 0 0 0 0 0 0 0 0 0 0 0 0 0 0 0 0 0 0 0 0 0 0 0 0 0 0 0 0 0 0 0 0 0 0 0 0 0 0 0 0 0 0 0 0 0 0 0 0 0 0 0 0 0 0 0 0 0 0 0 0 0 0 0 0 0 0 0 0 0 0 0 
0 0 0 0 0 0 0 0 0 0 0 0 0 0 0 0 0 0 0 0 0 0 0 0 0 0 0 0 0 0 0 0 0 0 0 0 0 0 0 0 0 0 0 0 0 0 0 0 0 0 0 0 0 0 0 0 0 0 0 0 0 0 0 0 0 0 0 0 0 0 0 0 0 0 0 0 0 0 0 0 0 0 0 0 0 0 0 0 0 0 0 0 0 0 0 0 0 0 0 0 0 0 0 0 0 0 0 0 0 0 0 0 0 0 0 0 0 0 0 0 0 0 0 0 0 0 0 0 0 0 0 0 0 0 0 0 0 0 0 0 0 0 0 0 0 0 0 0 0 0 0 0 0 0 0 0 0 0 0 0 0 0 0 0 0 0 0 0 0 0 0 0 0 0 0 0 0 0 0 0 0 0 0 0 0 0 0 0 
0 0 0 0 0 0 0 0 0 0 0 0 0 0 0 0 0 0 0 0 0 0 0 0 0 0 0 0 0 0 0 0 0 0 0 0 0 0 0 0 0 0 0 0 0 0 0 0 0 0 0 0 0 0 0 0 0 0 0 0 0 0 0 0 0 0 0 0 0 0 0 0 0 0 0 0 0 0 0 0 0 0 0 0 0 0 0 0 0 0 0 0 0 0 0 0 0 0 0 0 0 0 0 0 0 0 0 0 0 0 0 0 0 0 0 0 0 0 0 0 0 0 0 0 0 0 0 0 0 0 0 0 0 0 0 0 0 0 0 0 0 0 0 0 0 0 0 0 0 0 0 0 0 0 0 0 0 0 0 0 0 0 0 0 0 0 0 0 0 0 0 0 0 0 0 0 0 0 0 0 0 0 0 0 0 0 0 0 
0 0 0 0 0 0 0 0 0 0 0 0 0 0 0 0 0 0 0 0 0 0 0 0 0 0 0 0 0 0 0 0 0 0 0 0 0 0 0 0 0 0 0 0 0 0 0 0 0 0 0 0 0 0 0 0 0 0 0 0 0 0 0 0 0 0 0 0 0 0 0 0 0 0 0 0 0 0 0 0 0 0 0 0 0 0 0 0 0 0 0 0 0 0 0 0 0 0 0 0 0 0 0 0 0 0 0 0 0 0 0 0 0 0 0 0 0 0 0 0 0 0 0 0 0 0 0 0 0 0 0 0 0 0 0 0 0 0 0 0 0 0 0 0 0 0 0 0 0 0 0 0 0 0 0 0 0 0 0 0 0 0 0 0 0 0 0 0 0 0 0 0 0 0 0 0 0 0 0 0 0 0 0 0 0 0 0 0 
0 0 0 0 0 0 0 0 0 0 0 0 0 0 0 0 0 0 0 0 0 0 0 0 0 0 0 0 0 0 0 0 0 0 0 0 0 0 0 0 0 0 0 0 0 0 0 0 0 0 0 0 0 0 0 0 0 0 0 0 0 0 0 0 0 0 0 0 0 0 0 0 0 0 0 0 0 0 0 0 0 0 0 0 0 0 0 0 0 0 0 0 0 0 0 0 0 0 0 0 0 0 0 0 0 0 0 0 0 0 0 0 0 0 0 0 0 0 0 0 0 0 0 0 0 0 0 0 0 0 0 0 0 0 0 0 0 0 0 0 0 0 0 0 0 0 0 0 0 0 0 0 0 0 0 0 0 0 0 0 0 0 0 0 0 0 0 0 0 0 0 0 0 0 0 0 0 0 0 0 0 0 0 0 0 0 0 0 
0 0 0 0 0 0 0 0 0 0 0 0 0 0 0 0 0 0 0 0 0 0 0 0 0 0 0 0 0 0 0 0 0 0 0 0 0 0 0 0 0 0 0 0 0 0 0 0 0 0 0 0 0 0 0 0 0 0 0 0 0 0 0 0 0 0 0 0 0 0 0 0 0 0 0 0 0 0 0 0 0 0 0 0 0 0 0 0 0 0 0 0 0 0 0 0 0 0 0 0 0 0 0 0 0 0 0 0 0 0 0 0 0 0 0 0 0 0 0 0 0 0 0 0 0 0 0 0 0 0 0 0 0 0 0 0 0 0 0 0 0 0 0 0 0 0 0 0 0 0 0 0 0 0 0 0 0 0 0 0 0 0 0 0 0 0 0 0 0 0 0 0 0 0 0 0 0 0 0 0 0 0 0 0 0 0 0 0 
0 0 0 0 0 0 0 0 0 0 0 0 0 0 0 0 0 0 0 0 0 0 0 0 0 0 0 0 0 0 0 0 0 0 0 0 0 0 0 0 0 0 0 0 0 0 0 0 0 0 0 0 0 0 0 0 0 0 0 0 0 0 0 0 0 0 0 0 0 0 0 0 0 0 0 0 0 0 0 0 0 0 0 0 0 0 0 0 0 0 0 0 0 0 0 0 0 0 0 0 0 0 0 0 0 0 0 0 0 0 0 0 0 0 0 0 0 0 0 0 0 0 0 0 0 0 0 0 0 0 0 0 0 0 0 0 0 0 0 0 0 0 0 0 0 0 0 0 0 0 0 0 0 0 0 0 0 0 0 0 0 0 0 0 0 0 0 0 0 0 0 0 0 0 0 0 0 0 0 0 0 0 0 0 0 0 0 0 
0 0 0 0 0 0 0 0 0 0 0 0 0 0 0 0 0 0 0 0 0 0 0 0 0 0 0 0 0 0 0 0 0 0 0 0 0 0 0 0 0 0 0 0 0 0 0 0 0 0 0 0 0 0 0 0 0 0 0 0 0 0 0 0 0 0 0 0 0 0 0 0 0 0 0 0 0 0 0 0 0 0 0 0 0 0 0 0 0 0 0 0 0 0 0 0 0 0 0 0 0 0 0 0 0 0 0 0 0 0 0 0 0 0 0 0 0 0 0 0 0 0 0 0 0 0 0 0 0 0 0 0 0 0 0 0 0 0 0 0 0 0 0 0 0 0 0 0 0 0 0 0 0 0 0 0 0 0 0 0 0 0 0 0 0 0 0 0 0 0 0 0 0 0 0 0 0 0 0 0 0 0 0 0 0 0 0 0 
0 0 0 0 0 0 0 0 0 0 0 0 0 0 0 0 0 0 0 0 0 0 0 0 0 0 0 0 0 0 0 0 0 0 0 0 0 0 0 0 0 0 0 0 0 0 0 0 0 0 0 0 0 0 0 0 0 0 0 0 0 0 0 0 0 0 0 0 0 0 0 0 0 0 0 0 0 0 0 0 0 0 0 0 0 0 0 0 0 0 0 0 0 0 0 0 0 0 0 0 0 0 0 0 0 0 0 0 0 0 0 0 0 0 0 0 0 0 0 0 0 0 0 0 0 0 0 0 0 0 0 0 0 0 0 0 0 0 0 0 0 0 0 0 0 0 0 0 0 0 0 0 0 0 0 0 0 0 0 0 0 0 0 0 0 0 0 0 0 0 0 0 0 0 0 0 0 0 0 0 0 0 0 0 0 0 0 0 
0 0 0 0 0 0 0 0 0 0 0 0 0 0 0 0 0 0 0 0 0 0 0 0 0 0 0 0 0 0 0 0 0 0 0 0 0 0 0 0 0 0 0 0 0 0 0 0 0 0 0 0 0 0 0 0 0 0 0 0 0 0 0 0 0 0 0 0 0 0 0 0 0 0 0 0 0 0 0 0 0 0 0 0 0 0 0 0 0 0 0 0 0 0 0 0 0 0 0 0 0 0 0 0 0 0 0 0 0 0 0 0 0 0 0 0 0 0 0 0 0 0 0 0 0 0 0 0 0 0 0 0 0 0 0 0 0 0 0 0 0 0 0 0 0 0 0 0 0 0 0 0 0 0 0 0 0 0 0 0 0 0 0 0 0 0 0 0 0 0 0 0 0 0 0 0 0 0 0 0 0 0 0 0 0 0 0 0 
0 0 0 0 0 0 0 0 0 0 0 0 0 0 0 0 0 0 0 0 0 0 0 0 0 0 0 0 0 0 0 0 0 0 0 0 0 0 0 0 0 0 0 0 0 0 0 0 0 0 0 0 0 0 0 0 0 0 0 0 0 0 0 0 0 0 0 0 0 0 0 0 0 0 0 0 0 0 0 0 0 0 0 0 0 0 0 0 0 0 0 0 0 0 0 0 0 0 0 0 0 0 0 0 0 0 0 0 0 0 0 0 0 0 0 0 0 0 0 0 0 0 0 0 0 0 0 0 0 0 0 0 0 0 0 0 0 0 0 0 0 0 0 0 0 0 0 0 0 0 0 0 0 0 0 0 0 0 0 0 0 0 0 0 0 0 0 0 0 0 0 0 0 0 0 0 0 0 0 0 0 0 0 0 0 0 0 0 
0 0 0 0 0 0 0 0 0 0 0 0 0 0 0 0 0 0 0 0 0 0 0 0 0 0 0 0 0 0 0 0 0 0 0 0 0 0 0 0 0 0 0 0 0 0 0 0 0 0 0 0 0 0 0 0 0 0 0 0 0 0 0 0 0 0 0 0 0 0 0 0 0 0 0 0 0 0 0 0 0 0 0 0 0 0 0 0 0 0 0 0 0 0 0 0 0 0 0 0 0 0 0 0 0 0 0 0 0 0 0 0 0 0 0 0 0 0 0 0 0 0 0 0 0 0 0 0 0 0 0 0 0 0 0 0 0 0 0 0 0 0 0 0 0 0 0 0 0 0 0 0 0 0 0 0 0 0 0 0 0 0 0 0 0 0 0 0 0 0 0 0 0 0 0 0 0 0 0 0 0 0 0 0 0 0 0 0 
0 0 0 0 0 0 0 0 0 0 0 0 0 0 0 0 0 0 0 0 0 0 0 0 0 0 0 0 0 0 0 0 0 0 0 0 0 0 0 0 0 0 0 0 0 0 0 0 0 0 0 0 0 0 0 0 0 0 0 0 0 0 0 0 0 0 0 0 0 0 0 0 0 0 0 0 0 0 0 0 0 0 0 0 0 0 0 0 0 0 0 0 0 0 0 0 0 0 0 0 0 0 0 0 0 0 0 0 0 0 0 0 0 0 0 0 0 0 0 0 0 0 0 0 0 0 0 0 0 0 0 0 0 0 0 0 0 0 0 0 0 0 0 0 0 0 0 0 0 0 0 0 0 0 0 0 0 0 0 0 0 0 0 0 0 0 0 0 0 0 0 0 0 0 0 0 0 0 0 0 0 0 0 0 0 0 0 0 
0 0 0 0 0 0 0 0 0 0 0 0 0 0 0 0 0 0 0 0 0 0 0 0 0 0 0 0 0 0 0 0 0 0 0 0 0 0 0 0 0 0 0 0 0 0 0 0 0 0 0 0 0 0 0 0 0 0 0 0 0 0 0 0 0 0 0 0 0 0 0 0 0 0 0 0 0 0 0 0 0 0 0 0 0 0 0 0 0 0 0 0 0 0 0 0 0 0 0 0 0 0 0 0 0 0 0 0 0 0 0 0 0 0 0 0 0 0 0 0 0 0 0 0 0 0 0 0 0 0 0 0 0 0 0 0 0 0 0 0 0 0 0 0 0 0 0 0 0 0 0 0 0 0 0 0 0 0 0 0 0 0 0 0 0 0 0 0 0 0 0 0 0 0 0 0 0 0 0 0 0 0 0 0 0 0 0 0 
0 0 0 0 0 0 0 0 0 0 0 0 0 0 0 0 0 0 0 0 0 0 0 0 0 0 0 0 0 0 0 0 0 0 0 0 0 0 0 0 0 0 0 0 0 0 0 0 0 0 0 0 0 0 0 0 0 0 0 0 0 0 0 0 0 0 0 0 0 0 0 0 0 0 0 0 0 0 0 0 0 0 0 0 0 0 0 0 0 0 0 0 0 0 0 0 0 0 0 0 0 0 0 0 0 0 0 0 0 0 0 0 0 0 0 0 0 0 0 0 0 0 0 0 0 0 0 0 0 0 0 0 0 0 0 0 0 0 0 0 0 0 0 0 0 0 0 0 0 0 0 0 0 0 0 0 0 0 0 0 0 0 0 0 0 0 0 0 0 0 0 0 0 0 0 0 0 0 0 0 0 0 0 0 0 0 0 0 
0 0 0 0 0 0 0 0 0 0 0 0 0 0 0 0 0 0 0 0 0 0 0 0 0 0 0 0 0 0 0 0 0 0 0 0 0 0 0 0 0 0 0 0 0 0 0 0 0 0 0 0 0 0 0 0 0 0 0 0 0 0 0 0 0 0 0 0 0 0 0 0 0 0 0 0 0 0 0 0 0 0 0 0 0 0 0 0 0 0 0 0 0 0 0 0 0 0 0 0 0 0 0 0 0 0 0 0 0 0 0 0 0 0 0 0 0 0 0 0 0 0 0 0 0 0 0 0 0 0 0 0 0 0 0 0 0 0 0 0 0 0 0 0 0 0 0 0 0 0 0 0 0 0 0 0 0 0 0 0 0 0 0 0 0 0 0 0 0 0 0 0 0 0 0 0 0 0 0 0 0 0 0 0 0 0 0 0 
0 0 0 0 0 0 0 0 0 0 0 0 0 0 0 0 0 0 0 0 0 0 0 0 0 0 0 0 0 0 0 0 0 0 0 0 0 0 0 0 0 0 0 0 0 0 0 0 0 0 0 0 0 0 0 0 0 0 0 0 0 0 0 0 0 0 0 0 0 0 0 0 0 0 0 0 0 0 0 0 0 0 0 0 0 0 0 0 0 0 0 0 0 0 0 0 0 0 0 0 0 0 0 0 0 0 0 0 0 0 0 0 0 0 0 0 0 0 0 0 0 0 0 0 0 0 0 0 0 0 0 0 0 0 0 0 0 0 0 0 0 0 0 0 0 0 0 0 0 0 0 0 0 0 0 0 0 0 0 0 0 0 0 0 0 0 0 0 0 0 0 0 0 0 0 0 0 0 0 0 0 0 0 0 0 0 0 0 
0 0 0 0 0 0 0 0 0 0 0 0 0 0 0 0 0 0 0 0 0 0 0 0 0 0 0 0 0 0 0 0 0 0 0 0 0 0 0 0 0 0 0 0 0 0 0 0 0 0 0 0 0 0 0 0 0 0 0 0 0 0 0 0 0 0 0 0 0 0 0 0 0 0 0 0 0 0 0 0 0 0 0 0 0 0 0 0 0 0 0 0 0 0 0 0 0 0 0 0 0 0 0 0 0 0 0 0 0 0 0 0 0 0 0 0 0 0 0 0 0 0 0 0 0 0 0 0 0 0 0 0 0 0 0 0 0 0 0 0 0 0 0 0 0 0 0 0 0 0 0 0 0 0 0 0 0 0 0 0 0 0 0 0 0 0 0 0 0 0 0 0 0 0 0 0 0 0 0 0 0 0 0 0 0 0 0 0 
0 0 0 0 0 0 0 0 0 0 0 0 0 0 0 0 0 0 0 0 0 0 0 0 0 0 0 0 0 0 0 0 0 0 0 0 0 0 0 0 0 0 0 0 0 0 0 0 0 0 0 0 0 0 0 0 0 0 0 0 0 0 0 0 0 0 0 0 0 0 0 0 0 0 0 0 0 0 0 0 0 0 0 0 0 0 0 0 0 0 0 0 0 0 0 0 0 0 0 0 0 0 0 0 0 0 0 0 0 0 0 0 0 0 0 0 0 0 0 0 0 0 0 0 0 0 0 0 0 0 0 0 0 0 0 0 0 0 0 0 0 0 0 0 0 0 0 0 0 0 0 0 0 0 0 0 0 0 0 0 0 0 0 0 0 0 0 0 0 0 0 0 0 0 0 0 0 0 0 0 0 0 0 0 0 0 0 0 
0 0 0 0 0 0 0 0 0 0 0 0 0 0 0 0 0 0 0 0 0 1 3 4 5 7 8 10 11 12 14 15 16 18 19 21 22 23 25 26 28 29 30 32 33 35 36 37 39 40 42 43 44 46 47 49 50 51 53 54 56 57 59 60 61 63 64 66 67 69 70 71 73 74 76 77 79 80 81 83 84 86 87 89 90 91 93 94 96 97 99 100 102 103 105 106 107 109 110 112 113 115 116 118 119 121 122 124 125 127 128 129 131 132 134 135 137 138 140 141 143 144 146 147 149 150 152 153 155 156 158 159 161 162 164 165 167 168 170 171 173 174 176 177 179 180 182 183 185 186 0 0 0 0 0 0 0 0 0 0 0 0 0 0 0 0 0 0 0 0 0 0 0 0 0 0 0 0 0 0 0 0 0 0 0 0 0 0 
0 0 0 0 0 0 0 0 0 0 0 0 0 0 0 0 0 0 2 3 4 6 7 8 10 11 12 14 15 16 18 19 20 21 23 24 25 27 28 29 31 32 33 35 36 37 39 40 41 43 44 46 47 48 50 51 52 54 55 56 58 59 60 62 63 64 66 67 69 70 71 73 74 75 77 78 79 81 82 84 85 86 88 89 90 92 93 95 96 97 99 100 101 103 104 106 107 108 110 111 113 114 115 117 118 120 121 122 124 125 127 128 129 131 132 134 135 136 138 139 141 142 144 145 146 148 149 151 152 153 155 156 158 159 161 162 164 165 166 168 169 171 172 174 175 176 178 179 181 182 184 185 187 0 0 0 0 0 0 0 0 0 0 0 0 0 0 0 0 0 0 0 0 0 0 0 0 0 0 0 0 0 0 0 0 0 0 0 
0 0 0 0 0 0 0 0 0 0 0 0 0 0 1 2 3 5 6 7 8 10 11 12 13 15 16 17 18 20 21 22 24 25 26 27 29 30 31 32 34 35 36 38 39 40 41 43 44 45 47 48 49 50 52 53 54 56 57 58 59 61 62 63 65 66 67 69 70 71 72 74 75 76 78 79 80 82 83 84 85 87 88 89 91 92 93 95 96 97 99 100 101 103 104 105 107 108 109 111 112 113 115 116 117 119 120 121 123 124 125 127 128 129 131 132 133 135 136 137 139 140 142 143 144 146 147 148 150 151 152 154 155 156 158 159 161 162 163 165 166 167 169 170 172 173 174 176 177 178 180 181 183 184 185 187 0 0 0 0 0 0 0 0 0 0 0 0 0 0 0 0 0 0 0 0 0 0 0 0 0 0 0 0 0 0 0 0 
0 0 0 0 0 0 0 0 0 0 0 1 2 4 5 6 7 8 10 11 12 13 15 16 17 18 19 21 22 23 24 25 27 28 29 30 32 33 34 35 36 38 39 40 41 43 44 45 46 47 49 50 51 52 54 55 56 57 59 60 61 62 64 65 66 67 69 70 71 72 73 75 76 77 78 80 81 82 84 85 86 87 89 90 91 92 94 95 96 97 99 100 101 102 104 105 106 108 109 110 111 113 114 115 116 118 119 120 122 123 124 125 127 128 129 131 132 133 134 136 137 138 140 141 142 144 145 146 147 149 150 151 153 154 155 157 158 159 160 162 163 164 166 167 168 170 171 172 174 175 176 178 179 180 182 183 184 186 187 0 0 0 0 0 0 0 0 0 0 0 0 0 0 0 0 0 0 0 0 0 0 0 0 0 0 0 0 0 
0 0 0 0 0 0 0 1 2 3 4 5 6 7 9 10 11 12 13 14 16 17 18 19 20 21 22 24 25 26 27 28 29 31 32 33 34 35 37 38 39 40 41 42 44 45 46 47 48 49 51 52 53 54 55 57 58 59 60 61 63 64 65 66 67 69 70 71 72 73 74 76 77 78 79 80 82 83 84 85 87 88 89 90 91 93 94 95 96 97 99 100 101 102 103 105 106 107 108 110 111 112 113 114 116 117 118 119 121 122 123 124 126 127 128 129 131 132 133 134 135 137 138 139 140 142 143 144 145 147 148 149 150 152 153 154 155 157 158 159 160 162 163 164 165 167 168 169 171 172 173 174 176 177 178 179 181 182 183 184 186 187 0 0 0 0 0 0 0 0 0 0 0 0 0 0 0 0 0 0 0 0 0 0 0 0 0 0 
0 0 0 0 1 2 3 4 5 6 8 9 10 11 12 13 14 15 16 18 19 20 21 22 23 24 25 27 28 29 30 31 32 33 34 36 37 38 39 40 41 42 43 45 46 47 48 49 50 51 52 54 55 56 57 58 59 60 62 63 64 65 66 67 69 70 71 72 73 74 75 77 78 79 80 81 82 83 85 86 87 88 89 90 92 93 94 95 96 97 99 100 101 102 103 104 106 107 108 109 110 112 113 114 115 116 117 119 120 121 122 123 124 126 127 128 129 130 132 133 134 135 136 138 139 140 141 142 144 145 146 147 148 150 151 152 153 154 156 157 158 159 160 162 163 164 165 166 168 169 170 171 173 174 175 176 177 179 180 181 182 183 185 186 187 0 0 0 0 0 0 0 0 0 0 0 0 0 0 0 0 0 0 0 0 0 0 0 
0 1 2 3 4 6 7 8 9 10 11 12 13 14 15 16 17 18 19 21 22 23 24 25 26 27 28 29 30 31 32 33 35 36 37 38 39 40 41 42 43 44 45 47 48 49 50 51 52 53 54 55 56 57 59 60 61 62 63 64 65 66 67 69 70 71 72 73 74 75 76 77 78 80 81 82 83 84 85 86 87 89 90 91 92 93 94 95 96 97 99 100 101 102 103 104 105 106 108 109 110 111 112 113 114 116 117 118 119 120 121 122 123 125 126 127 128 129 130 131 133 134 135 136 137 138 140 141 142 143 144 145 146 148 149 150 151 152 153 155 156 157 158 159 160 161 163 164 165 166 167 168 170 171 172 173 174 176 177 178 179 180 181 183 184 185 186 187 0 0 0 0 0 0 0 0 0 0 0 0 0 0 0 0 0 0 0 0 
4 5 6 7 8 9 10 11 12 13 14 15 16 17 18 19 20 21 22 23 24 25 26 27 28 30 31 32 33 34 35 36 37 38 39 40 41 42 43 44 45 46 47 48 49 50 52 53 54 55 56 57 58 59 60 61 62 63 64 65 66 67 69 70 71 72 73 74 75 76 77 78 79 80 81 82 83 85 86 87 88 89 90 91 92 93 94 95 96 97 99 100 101 102 103 104 105 106 107 108 109 111 112 113 114 115 116 117 118 119 120 121 123 124 125 126 127 128 129 130 131 132 134 135 136 137 138 139 140 141 142 144 145 146 147 148 149 150 151 152 154 155 156 157 158 159 160 161 163 164 165 166 167 168 169 170 172 173 174 175 176 177 178 179 181 182 183 184 185 186 187 0 0 0 0 0 0 0 0 0 0 0 0 0 0 0 0 0 
7 8 9 10 11 12 13 14 15 16 17 18 19 20 21 22 23 24 25 26 27 28 29 30 31 32 33 34 35 36 37 38 39 40 41 42 43 44 45 46 47 48 49 50 51 52 53 54 55 56 57 58 59 60 61 62 63 64 65 66 67 69 70 71 72 73 74 75 76 77 78 79 80 81 82 83 84 85 86 87 88 89 90 91 92 93 94 95 96 98 99 100 101 102 103 104 105 106 107 108 109 110 111 112 113 114 115 116 117 119 120 121 122 123 124 125 126 127 128 129 130 131 132 133 134 136 137 138 139 140 141 142 143 144 145 146 147 148 149 151 152 153 154 155 156 157 158 159 160 161 162 163 165 166 167 168 169 170 171 172 173 174 175 177 178 179 180 181 182 183 184 185 186 187 0 0 0 0 0 0 0 0 0 0 0 0 0 0 
10 11 12 13 14 15 16 17 18 19 20 20 21 22 23 24 25 26 27 28 29 30 31 32 33 34 35 36 37 38 39 40 41 42 43 44 45 46 47 48 49 50 51 52 53 54 55 56 57 58 59 60 61 62 63 64 65 66 67 68 69 69 70 71 72 73 74 75 76 77 78 79 80 81 82 83 84 85 86 87 88 89 90 91 93 94 95 96 97 98 99 100 101 102 103 104 105 106 107 108 109 110 111 112 113 114 115 116 117 118 119 120 121 122 123 124 125 126 127 128 129 130 131 132 133 134 135 136 137 138 139 140 141 143 144 145 146 147 148 149 150 151 152 153 154 155 156 157 158 159 160 161 162 163 164 165 166 168 169 170 171 172 173 174 175 176 177 178 179 180 181 182 183 184 185 186 0 0 0 0 0 0 0 0 0 0 0 0 
13 14 15 15 16 17 18 19 20 21 22 23 24 25 26 27 28 29 30 30 31 32 33 34 35 36 37 38 39 40 41 42 43 44 45 46 47 47 48 49 50 51 52 53 54 55 56 57 58 59 60 61 62 63 64 65 66 67 68 69 69 70 71 72 73 74 75 76 77 78 79 80 81 82 83 84 85 86 87 88 89 90 91 92 93 94 95 96 97 98 99 100 100 101 102 103 104 105 106 107 108 109 110 111 112 113 114 115 116 117 118 119 120 121 122 123 124 125 126 127 128 129 130 131 132 133 134 135 136 137 138 139 140 141 142 143 144 145 146 147 148 149 150 151 152 153 154 155 156 157 158 159 160 161 162 163 164 165 166 167 168 169 170 171 172 173 174 175 176 177 178 179 180 181 183 184 185 186 187 0 0 0 0 0 0 0 0 0 
15 16 17 18 19 20 21 22 23 23 24 25 26 27 28 29 30 31 32 33 33 34 35 36 37 38 39 40 41 42 43 44 44 45 46 47 48 49 50 51 52 53 54 55 56 56 57 58 59 60 61 62 63 64 65 66 67 68 69 69 70 71 72 73 74 75 76 77 78 79 80 81 82 83 83 84 85 86 87 88 89 90 91 92 93 94 95 96 97 98 99 99 100 101 102 103 104 105 106 107 108 109 110 111 112 113 114 115 116 117 118 119 119 120 121 122 123 124 125 126 127 128 129 130 131 132 133 134 135 136 137 138 139 140 141 142 143 144 145 145 146 147 148 149 150 151 152 153 154 155 156 157 158 159 160 161 162 163 164 165 166 167 168 169 170 171 172 173 174 175 176 177 178 179 180 181 182 183 184 185 186 187 0 0 0 0 0 0 
18 19 20 20 21 22 23 24 25 26 27 27 28 29 30 31 32 33 34 35 35 36 37 38 39 40 41 42 43 43 44 45 46 47 48 49 50 51 51 52 53 54 55 56 57 58 59 60 60 61 62 63 64 65 66 67 68 69 69 70 71 72 73 74 75 76 77 78 78 79 80 81 82 83 84 85 86 87 88 88 89 90 91 92 93 94 95 96 97 98 99 99 100 101 102 103 104 105 106 107 108 109 110 110 111 112 113 114 115 116 117 118 119 120 121 122 123 123 124 125 126 127 128 129 130 131 132 133 134 135 136 137 137 138 139 140 141 142 143 144 145 146 147 148 149 150 151 152 153 153 154 155 156 157 158 159 160 161 162 163 164 165 166 167 168 169 170 171 171 172 173 174 175 176 177 178 179 180 181 182 183 184 185 186 187 0 0 0 
20 21 22 23 24 24 25 26 27 28 29 30 30 31 32 33 34 35 36 36 37 38 39 40 41 42 42 43 44 45 46 47 48 48 49 50 51 52 53 54 55 55 56 57 58 59 60 61 62 62 63 64 65 66 67 68 69 69 70 71 72 73 74 75 76 76 77 78 79 80 81 82 83 83 84 85 86 87 88 89 90 91 91 92 93 94 95 96 97 98 99 99 100 101 102 103 104 105 106 107 107 108 109 110 111 112 113 114 115 115 116 117 118 119 120 121 122 123 124 124 125 126 127 128 129 130 131 132 133 134 134 135 136 137 138 139 140 141 142 143 144 144 145 146 147 148 149 150 151 152 153 154 155 155 156 157 158 159 160 161 162 163 164 165 166 166 167 168 169 170 171 172 173 174 175 176 177 178 179 179 180 181 182 183 184 185 186 187 
22 23 24 25 26 27 27 28 29 30 31 31 32 33 34 35 36 36 37 38 39 40 41 42 42 43 44 45 46 47 47 48 49 50 51 52 52 53 54 55 56 57 57 58 59 60 61 62 63 63 64 65 66 67 68 69 69 70 71 72 73 74 74 75 76 77 78 79 80 80 81 82 83 84 85 86 86 87 88 89 90 91 92 92 93 94 95 96 97 98 98 99 100 101 102 103 104 105 105 106 107 108 109 110 111 112 112 113 114 115 116 117 118 118 119 120 121 122 123 124 125 125 126 127 128 129 130 131 132 133 133 134 135 136 137 138 139 140 140 141 142 143 144 145 146 147 148 148 149 150 151 152 153 154 155 156 156 157 158 159 160 161 162 163 164 164 165 166 167 168 169 170 171 172 173 173 174 175 176 177 178 179 180 181 182 182 183 184 
24 25 26 27 28 28 29 30 31 32 33 33 34 35 36 37 37 38 39 40 41 41 42 43 44 45 46 46 47 48 49 50 50 51 52 53 54 55 55 56 57 58 59 59 60 61 62 63 64 64 65 66 67 68 69 69 70 71 72 73 73 74 75 76 77 78 78 79 80 81 82 83 83 84 85 86 87 88 88 89 90 91 92 93 93 94 95 96 97 98 98 99 100 101 102 103 104 104 105 106 107 108 109 109 110 111 112 113 114 115 115 116 117 118 119 120 120 121 122 123 124 125 126 126 127 128 129 130 131 132 132 133 134 135 136 137 138 138 139 140 141 142 143 144 144 145 146 147 148 149 150 150 151 152 153 154 155 156 157 157 158 159 160 161 162 163 163 164 165 166 167 168 169 170 170 171 172 173 174 175 176 177 177 178 179 180 181 182 
26 27 28 29 30 30 31 32 33 33 34 35 36 37 37 38 39 40 41 41 42 43 44 45 45 46 47 48 49 49 50 51 52 53 53 54 55 56 56 57 58 59 60 60 61 62 63 64 64 65 66 67 68 69 69 70 71 72 73 73 74 75 76 77 77 78 79 80 81 81 82 83 84 85 85 86 87 88 89 90 90 91 92 93 94 94 95 96 97 98 98 99 100 101 102 103 103 104 105 106 107 107 108 109 110 111 112 112 113 114 115 116 117 117 118 119 120 121 121 122 123 124 125 126 126 127 128 129 130 131 131 132 133 134 135 136 136 137 138 139 140 141 141 142 143 144 145 146 146 147 148 149 150 151 152 152 153 154 155 156 157 157 158 159 160 161 162 162 163 164 165 166 167 168 168 169 170 171 172 173 174 174 175 176 177 178 179 179 
28 29 30 31 31 32 33 34 34 35 36 37 37 38 39 40 41 41 42 43 44 44 45 46 47 48 48 49 50 51 51 52 53 54 54 55 56 57 58 58 59 60 61 61 62 63 64 65 65 66 67 68 69 69 70 71 72 72 73 74 75 76 76 77 78 79 79 80 81 82 83 83 84 85 86 87 87 88 89 90 91 91 92 93 94 94 95 96 97 98 98 99 100 101 102 102 103 104 105 106 106 107 108 109 110 110 111 112 113 114 114 115 116 117 118 118 119 120 121 122 122 123 124 125 126 127 127 128 129 130 131 131 132 133 134 135 135 136 137 138 139 139 140 141 142 143 144 144 145 146 147 148 148 149 150 151 152 153 153 154 155 156 157 157 158 159 160 161 162 162 163 164 165 166 167 167 168 169 170 171 171 172 173 174 175 176 176 177 
30 31 32 32 33 34 35 35 36 37 38 38 39 40 41 41 42 43 44 44 45 46 47 47 48 49 50 50 51 52 53 53 54 55 56 56 57 58 59 59 60 61 62 62 63 64 65 65 66 67 68 69 69 70 71 72 72 73 74 75 75 76 77 78 78 79 80 81 81 82 83 84 85 85 86 87 88 88 89 90 91 92 92 93 94 95 95 96 97 98 98 99 100 101 102 102 103 104 105 105 106 107 108 109 109 110 111 112 112 113 114 115 116 116 117 118 119 119 120 121 122 123 123 124 125 126 127 127 128 129 130 131 131 132 133 134 134 135 136 137 138 138 139 140 141 142 142 143 144 145 146 146 147 148 149 150 150 151 152 153 154 154 155 156 157 158 158 159 160 161 162 162 163 164 165 166 166 167 168 169 170 170 171 172 173 174 174 175 
32 32 33 34 35 35 36 37 38 38 39 40 41 41 42 43 43 44 45 46 46 47 48 49 49 50 51 52 52 53 54 54 55 56 57 57 58 59 60 60 61 62 63 63 64 65 66 66 67 68 69 69 70 71 71 72 73 74 74 75 76 77 77 78 79 80 80 81 82 83 83 84 85 86 86 87 88 89 89 90 91 92 92 93 94 95 95 96 97 98 98 99 100 101 101 102 103 104 105 105 106 107 108 108 109 110 111 111 112 113 114 114 115 116 117 117 118 119 120 120 121 122 123 124 124 125 126 127 127 128 129 130 130 131 132 133 134 134 135 136 137 137 138 139 140 140 141 142 143 144 144 145 146 147 147 148 149 150 151 151 152 153 154 154 155 156 157 158 158 159 160 161 161 162 163 164 165 165 166 167 168 168 169 170 171 172 172 173 
33 34 35 35 36 37 38 38 39 40 40 41 42 43 43 44 45 45 46 47 48 48 49 50 50 51 52 53 53 54 55 56 56 57 58 58 59 60 61 61 62 63 63 64 65 66 66 67 68 69 69 70 71 71 72 73 74 74 75 76 76 77 78 79 79 80 81 82 82 83 84 85 85 86 87 87 88 89 90 90 91 92 93 93 94 95 96 96 97 98 98 99 100 101 101 102 103 104 104 105 106 107 107 108 109 110 110 111 112 112 113 114 115 115 116 117 118 118 119 120 121 121 122 123 124 124 125 126 127 127 128 129 130 130 131 132 133 133 134 135 136 136 137 138 139 139 140 141 142 142 143 144 145 145 146 147 148 148 149 150 151 152 152 153 154 155 155 156 157 158 158 159 160 161 161 162 163 164 164 165 166 167 167 168 169 170 171 171 
35 36 36 37 38 38 39 40 40 41 42 43 43 44 45 45 46 47 47 48 49 50 50 51 52 52 53 54 54 55 56 57 57 58 59 59 60 61 61 62 63 64 64 65 66 66 67 68 69 69 70 71 71 72 73 73 74 75 76 76 77 78 78 79 80 81 81 82 83 83 84 85 86 86 87 88 88 89 90 91 91 92 93 93 94 95 96 96 97 98 98 99 100 101 101 102 103 103 104 105 106 106 107 108 109 109 110 111 111 112 113 114 114 115 116 116 117 118 119 119 120 121 122 122 123 124 124 125 126 127 127 128 129 130 130 131 132 133 133 134 135 135 136 137 138 138 139 140 141 141 142 143 144 144 145 146 147 147 148 149 149 150 151 152 152 153 154 155 155 156 157 158 158 159 160 161 161 162 163 164 164 165 166 167 167 168 169 170 
36 37 38 38 39 40 40 41 42 42 43 44 45 45 46 47 47 48 49 49 50 51 51 52 53 53 54 55 55 56 57 57 58 59 60 60 61 62 62 63 64 64 65 66 66 67 68 69 69 70 71 71 72 73 73 74 75 75 76 77 77 78 79 80 80 81 82 82 83 84 84 85 86 87 87 88 89 89 90 91 91 92 93 94 94 95 96 96 97 98 98 99 100 101 101 102 103 103 104 105 105 106 107 108 108 109 110 110 111 112 113 113 114 115 115 116 117 117 118 119 120 120 121 122 122 123 124 125 125 126 127 127 128 129 130 130 131 132 132 133 134 135 135 136 137 137 138 139 140 140 141 142 142 143 144 145 145 146 147 148 148 149 150 150 151 152 153 153 154 155 155 156 157 158 158 159 160 161 161 162 163 163 164 165 166 166 167 168 
38 38 39 40 40 41 42 42 43 44 44 45 46 46 47 48 48 49 50 50 51 52 52 53 54 54 55 56 56 57 58 58 59 60 60 61 62 62 63 64 64 65 66 66 67 68 69 69 70 71 71 72 73 73 74 75 75 76 77 77 78 79 79 80 81 81 82 83 83 84 85 85 86 87 87 88 89 90 90 91 92 92 93 94 94 95 96 96 97 98 98 99 100 100 101 102 103 103 104 105 105 106 107 107 108 109 109 110 111 112 112 113 114 114 115 116 116 117 118 118 119 120 121 121 122 123 123 124 125 125 126 127 127 128 129 130 130 131 132 132 133 134 134 135 136 137 137 138 139 139 140 141 141 142 143 144 144 145 146 146 147 148 148 149 150 151 151 152 153 153 154 155 156 156 157 158 158 159 160 161 161 162 163 163 164 165 165 166 
39 40 40 41 42 42 43 44 44 45 46 46 47 48 48 49 49 50 51 51 52 53 53 54 55 55 56 57 57 58 59 59 60 61 61 62 63 63 64 65 65 66 67 67 68 69 69 70 70 71 72 72 73 74 74 75 76 76 77 78 78 79 80 80 81 82 82 83 84 84 85 86 86 87 88 88 89 90 90 91 92 92 93 94 94 95 96 96 97 98 98 99 100 100 101 102 102 103 104 104 105 106 106 107 108 109 109 110 111 111 112 113 113 114 115 115 116 117 117 118 119 119 120 121 121 122 123 123 124 125 125 126 127 127 128 129 130 130 131 132 132 133 134 134 135 136 136 137 138 138 139 140 140 141 142 143 143 144 145 145 146 147 147 148 149 149 150 151 151 152 153 154 154 155 156 156 157 158 158 159 160 160 161 162 163 163 164 165 
40 41 42 42 43 44 44 45 45 46 47 47 48 49 49 50 51 51 52 52 53 54 54 55 56 56 57 58 58 59 59 60 61 61 62 63 63 64 65 65 66 67 67 68 69 69 70 70 71 72 72 73 74 74 75 76 76 77 78 78 79 79 80 81 81 82 83 83 84 85 85 86 87 87 88 89 89 90 91 91 92 93 93 94 94 95 96 96 97 98 98 99 100 100 101 102 102 103 104 104 105 106 106 107 108 108 109 110 110 111 112 112 113 114 114 115 116 116 117 118 118 119 120 120 121 122 122 123 124 124 125 125 126 127 127 128 129 129 130 131 131 132 133 134 134 135 136 136 137 138 138 139 140 140 141 142 142 143 144 144 145 146 146 147 148 148 149 150 150 151 152 152 153 154 154 155 156 156 157 158 158 159 160 160 161 162 162 163 
42 42 43 43 44 45 45 46 47 47 48 48 49 50 50 51 52 52 53 53 54 55 55 56 57 57 58 58 59 60 60 61 62 62 63 63 64 65 65 66 67 67 68 69 69 70 70 71 72 72 73 74 74 75 75 76 77 77 78 79 79 80 81 81 82 82 83 84 84 85 86 86 87 88 88 89 89 90 91 91 92 93 93 94 95 95 96 96 97 98 98 99 100 100 101 102 102 103 104 104 105 105 106 107 107 108 109 109 110 111 111 112 113 113 114 115 115 116 116 117 118 118 119 120 120 121 122 122 123 124 124 125 126 126 127 128 128 129 129 130 131 131 132 133 133 134 135 135 136 137 137 138 139 139 140 141 141 142 143 143 144 145 145 146 147 147 148 148 149 150 150 151 152 152 153 154 154 155 156 156 157 158 158 159 160 160 161 162 
43 43 44 45 45 46 46 47 48 48 49 49 50 51 51 52 53 53 54 54 55 56 56 57 57 58 59 59 60 60 61 62 62 63 64 64 65 65 66 67 67 68 69 69 70 70 71 72 72 73 73 74 75 75 76 77 77 78 78 79 80 80 81 82 82 83 83 84 85 85 86 87 87 88 88 89 90 90 91 92 92 93 93 94 95 95 96 97 97 98 98 99 100 100 101 102 102 103 103 104 105 105 106 107 107 108 108 109 110 110 111 112 112 113 114 114 115 115 116 117 117 118 119 119 120 121 121 122 122 123 124 124 125 126 126 127 128 128 129 129 130 131 131 132 133 133 134 135 135 136 136 137 138 138 139 140 140 141 142 142 143 144 144 145 145 146 147 147 148 149 149 150 151 151 152 153 153 154 155 155 156 156 157 158 158 159 160 160 
44 44 45 46 46 47 47 48 49 49 50 50 51 52 52 53 53 54 55 55 56 56 57 58 58 59 59 60 61 61 62 62 63 64 64 65 65 66 67 67 68 69 69 70 70 71 72 72 73 73 74 75 75 76 76 77 78 78 79 79 80 81 81 82 82 83 84 84 85 86 86 87 87 88 89 89 90 90 91 92 92 93 93 94 95 95 96 97 97 98 98 99 100 100 101 101 102 103 103 104 105 105 106 106 107 108 108 109 110 110 111 111 112 113 113 114 114 115 116 116 117 118 118 119 119 120 121 121 122 123 123 124 124 125 126 126 127 128 128 129 129 130 131 131 132 133 133 134 134 135 136 136 137 138 138 139 139 140 141 141 142 143 143 144 145 145 146 146 147 148 148 149 150 150 151 151 152 153 153 154 155 155 156 157 157 158 158 159 
45 46 46 47 47 48 48 49 50 50 51 51 52 53 53 54 54 55 56 56 57 57 58 58 59 60 60 61 61 62 63 63 64 64 65 66 66 67 67 68 69 69 70 70 71 71 72 73 73 74 74 75 76 76 77 77 78 79 79 80 80 81 82 82 83 83 84 85 85 86 86 87 88 88 89 89 90 91 91 92 92 93 94 94 95 95 96 97 97 98 98 99 100 100 101 101 102 103 103 104 104 105 106 106 107 107 108 109 109 110 110 111 112 112 113 114 114 115 115 116 117 117 118 118 119 120 120 121 121 122 123 123 124 125 125 126 126 127 128 128 129 129 130 131 131 132 132 133 134 134 135 136 136 137 137 138 139 139 140 140 141 142 142 143 144 144 145 145 146 147 147 148 149 149 150 150 151 152 152 153 153 154 155 155 156 157 157 158 
46 47 47 48 48 49 49 50 51 51 52 52 53 53 54 55 55 56 56 57 57 58 59 59 60 60 61 62 62 63 63 64 64 65 66 66 67 67 68 69 69 70 70 71 71 72 73 73 74 74 75 75 76 77 77 78 78 79 80 80 81 81 82 83 83 84 84 85 85 86 87 87 88 88 89 90 90 91 91 92 92 93 94 94 95 95 96 97 97 98 98 99 100 100 101 101 102 103 103 104 104 105 105 106 107 107 108 108 109 110 110 111 111 112 113 113 114 114 115 116 116 117 117 118 119 119 120 120 121 122 122 123 123 124 125 125 126 126 127 128 128 129 129 130 131 131 132 132 133 134 134 135 135 136 137 137 138 138 139 140 140 141 141 142 143 143 144 144 145 146 146 147 148 148 149 149 150 151 151 152 152 153 154 154 155 155 156 157 
47 48 48 49 49 50 50 51 51 52 53 53 54 54 55 55 56 57 57 58 58 59 59 60 61 61 62 62 63 63 64 65 65 66 66 67 67 68 69 69 70 70 71 71 72 72 73 74 74 75 75 76 76 77 78 78 79 79 80 81 81 82 82 83 83 84 85 85 86 86 87 87 88 89 89 90 90 91 91 92 93 93 94 94 95 95 96 97 97 98 98 99 100 100 101 101 102 102 103 104 104 105 105 106 107 107 108 108 109 109 110 111 111 112 112 113 114 114 115 115 116 116 117 118 118 119 119 120 121 121 122 122 123 123 124 125 125 126 126 127 128 128 129 129 130 131 131 132 132 133 133 134 135 135 136 136 137 138 138 139 139 140 141 141 142 142 143 144 144 145 145 146 147 147 148 148 149 150 150 151 151 152 152 153 154 154 155 155 
48 48 49 50 50 51 51 52 52 53 53 54 55 55 56 56 57 57 58 58 59 60 60 61 61 62 62 63 63 64 65 65 66 66 67 67 68 69 69 70 70 71 71 72 72 73 74 74 75 75 76 76 77 77 78 79 79 80 80 81 81 82 83 83 84 84 85 85 86 86 87 88 88 89 89 90 90 91 92 92 93 93 94 94 95 96 96 97 97 98 98 99 100 100 101 101 102 102 103 104 104 105 105 106 106 107 107 108 109 109 110 110 111 112 112 113 113 114 114 115 116 116 117 117 118 118 119 120 120 121 121 122 122 123 124 124 125 125 126 126 127 128 128 129 129 130 130 131 132 132 133 133 134 135 135 136 136 137 137 138 139 139 140 140 141 142 142 143 143 144 144 145 146 146 147 147 148 149 149 150 150 151 151 152 153 153 154 154 
49 49 50 50 51 52 52 53 53 54 54 55 55 56 56 57 58 58 59 59 60 60 61 61 62 62 63 64 64 65 65 66 66 67 67 68 69 69 70 70 71 71 72 72 73 73 74 75 75 76 76 77 77 78 78 79 80 80 81 81 82 82 83 83 84 84 85 86 86 87 87 88 88 89 89 90 91 91 92 92 93 93 94 94 95 96 96 97 97 98 98 99 99 100 101 101 102 102 103 103 104 105 105 106 106 107 107 108 108 109 110 110 111 111 112 112 113 114 114 115 115 116 116 117 117 118 119 119 120 120 121 121 122 123 123 124 124 125 125 126 126 127 128 128 129 129 130 130 131 132 132 133 133 134 134 135 136 136 137 137 138 138 139 140 140 141 141 142 142 143 144 144 145 145 146 146 147 148 148 149 149 150 150 151 152 152 153 153 
50 50 51 51 52 52 53 53 54 55 55 56 56 57 57 58 58 59 59 60 60 61 62 62 63 63 64 64 65 65 66 66 67 67 68 69 69 70 70 71 71 72 72 73 73 74 74 75 76 76 77 77 78 78 79 79 80 80 81 81 82 83 83 84 84 85 85 86 86 87 87 88 89 89 90 90 91 91 92 92 93 93 94 95 95 96 96 97 97 98 98 99 99 100 101 101 102 102 103 103 104 104 105 106 106 107 107 108 108 109 109 110 110 111 112 112 113 113 114 114 115 115 116 117 117 118 118 119 119 120 120 121 122 122 123 123 124 124 125 125 126 127 127 128 128 129 129 130 130 131 132 132 133 133 134 134 135 135 136 137 137 138 138 139 139 140 140 141 142 142 143 143 144 144 145 146 146 147 147 148 148 149 149 150 151 151 152 152 
51 51 52 52 53 53 54 54 55 55 56 56 57 57 58 58 59 60 60 61 61 62 62 63 63 64 64 65 65 66 66 67 67 68 69 69 70 70 71 71 72 72 73 73 74 74 75 75 76 76 77 78 78 79 79 80 80 81 81 82 82 83 83 84 84 85 86 86 87 87 88 88 89 89 90 90 91 91 92 92 93 94 94 95 95 96 96 97 97 98 98 99 99 100 101 101 102 102 103 103 104 104 105 105 106 106 107 108 108 109 109 110 110 111 111 112 112 113 113 114 115 115 116 116 117 117 118 118 119 119 120 121 121 122 122 123 123 124 124 125 125 126 127 127 128 128 129 129 130 130 131 131 132 133 133 134 134 135 135 136 136 137 138 138 139 139 140 140 141 141 142 142 143 144 144 145 145 146 146 147 147 148 149 149 150 150 151 151 
51 52 52 53 53 54 55 55 56 56 57 57 58 58 59 59 60 60 61 61 62 62 63 63 64 64 65 65 66 66 67 67 68 69 69 70 70 71 71 72 72 73 73 74 74 75 75 76 76 77 77 78 78 79 79 80 80 81 82 82 83 83 84 84 85 85 86 86 87 87 88 88 89 89 90 90 91 92 92 93 93 94 94 95 95 96 96 97 97 98 98 99 99 100 100 101 102 102 103 103 104 104 105 105 106 106 107 107 108 108 109 109 110 111 111 112 112 113 113 114 114 115 115 116 116 117 117 118 119 119 120 120 121 121 122 122 123 123 124 124 125 126 126 127 127 128 128 129 129 130 130 131 131 132 132 133 134 134 135 135 136 136 137 137 138 138 139 140 140 141 141 142 142 143 143 144 144 145 145 146 147 147 148 148 149 149 150 150 
52 53 53 54 54 55 55 56 56 57 57 58 58 59 59 60 60 61 61 62 62 63 63 64 64 65 65 66 66 67 67 68 69 69 70 70 71 71 72 72 73 73 74 74 75 75 76 76 77 77 78 78 79 79 80 80 81 81 82 82 83 83 84 84 85 85 86 86 87 87 88 89 89 90 90 91 91 92 92 93 93 94 94 95 95 96 96 97 97 98 98 99 99 100 100 101 101 102 103 103 104 104 105 105 106 106 107 107 108 108 109 109 110 110 111 111 112 112 113 113 114 115 115 116 116 117 117 118 118 119 119 120 120 121 121 122 122 123 123 124 125 125 126 126 127 127 128 128 129 129 130 130 131 131 132 132 133 133 134 135 135 136 136 137 137 138 138 139 139 140 140 141 141 142 142 143 144 144 145 145 146 146 147 147 148 148 149 149 
53 54 54 55 55 56 56 56 57 57 58 58 59 59 60 60 61 61 62 62 63 63 64 64 65 65 66 66 67 67 68 69 69 70 70 71 71 72 72 73 73 74 74 75 75 76 76 77 77 78 78 79 79 80 80 81 81 82 82 83 83 84 84 85 85 86 86 87 87 88 88 89 89 90 90 91 91 92 92 93 93 94 94 95 95 96 96 97 97 98 98 99 99 100 100 101 101 102 102 103 103 104 104 105 106 106 107 107 108 108 109 109 110 110 111 111 112 112 113 113 114 114 115 115 116 116 117 117 118 118 119 119 120 120 121 121 122 122 123 124 124 125 125 126 126 127 127 128 128 129 129 130 130 131 131 132 132 133 133 134 134 135 135 136 137 137 138 138 139 139 140 140 141 141 142 142 143 143 144 144 145 145 146 146 147 147 148 149 
54 54 55 55 56 56 57 57 58 58 59 59 60 60 61 61 62 62 63 63 64 64 65 65 66 66 67 67 68 68 69 69 69 70 70 71 71 72 72 73 73 74 74 75 75 76 76 77 77 78 78 79 79 80 80 81 81 82 82 83 83 84 84 85 85 86 86 87 87 88 88 89 89 90 90 91 91 92 92 93 93 94 94 95 95 96 96 97 97 98 98 99 99 100 100 101 101 102 102 103 103 104 104 105 105 106 106 107 107 108 108 109 109 110 110 111 111 112 112 113 113 114 114 115 115 116 117 117 118 118 119 119 120 120 121 121 122 122 123 123 124 124 125 125 126 126 127 127 128 128 129 129 130 130 131 131 132 132 133 133 134 134 135 135 136 136 137 137 138 138 139 139 140 140 141 142 142 143 143 144 144 145 145 146 146 147 147 148 
54 55 55 56 56 57 57 58 58 59 59 60 60 61 61 62 62 63 63 64 64 65 65 66 66 67 67 68 68 69 69 69 70 70 71 71 72 72 73 73 74 74 75 75 76 76 77 77 78 78 79 79 80 80 81 81 82 82 83 83 84 84 85 85 86 86 87 87 88 88 89 89 89 90 90 91 91 92 92 93 93 94 94 95 95 96 96 97 97 98 98 99 99 100 100 101 101 102 102 103 103 104 104 105 105 106 106 107 107 108 108 109 109 110 110 111 111 112 112 113 113 114 114 115 115 116 116 117 117 118 118 119 119 120 120 121 121 122 122 123 123 124 124 125 125 126 126 127 127 128 128 129 129 130 130 131 131 132 132 133 133 134 134 135 135 136 136 137 137 138 138 139 139 140 140 141 141 142 142 143 143 144 144 145 145 146 146 147 
55 56 56 57 57 58 58 59 59 59 60 60 61 61 62 62 63 63 64 64 65 65 66 66 67 67 68 68 69 69 69 70 70 71 71 72 72 73 73 74 74 75 75 76 76 77 77 78 78 79 79 80 80 80 81 81 82 82 83 83 84 84 85 85 86 86 87 87 88 88 89 89 90 90 91 91 92 92 93 93 94 94 94 95 95 96 96 97 97 98 98 99 99 100 100 101 101 102 102 103 103 104 104 105 105 106 106 107 107 108 108 109 109 110 110 111 111 112 112 112 113 113 114 114 115 115 116 116 117 117 118 118 119 119 120 120 121 121 122 122 123 123 124 124 125 125 126 126 127 127 128 128 129 129 130 130 131 131 132 132 133 133 134 134 135 135 136 136 137 137 138 138 139 139 140 140 141 141 142 142 143 143 144 144 145 145 146 146 
56 56 57 57 58 58 59 59 60 60 61 61 61 62 62 63 63 64 64 65 65 66 66 67 67 68 68 69 69 69 70 70 71 71 72 72 73 73 74 74 75 75 76 76 77 77 77 78 78 79 79 80 80 81 81 82 82 83 83 84 84 85 85 85 86 86 87 87 88 88 89 89 90 90 91 91 92 92 93 93 94 94 95 95 95 96 96 97 97 98 98 99 99 100 100 101 101 102 102 103 103 104 104 105 105 106 106 106 107 107 108 108 109 109 110 110 111 111 112 112 113 113 114 114 115 115 116 116 117 117 118 118 119 119 119 120 120 121 121 122 122 123 123 124 124 125 125 126 126 127 127 128 128 129 129 130 130 131 131 132 132 133 133 134 134 135 135 136 136 136 137 137 138 138 139 139 140 140 141 141 142 142 143 143 144 144 145 145 
57 57 57 58 58 59 59 60 60 61 61 62 62 63 63 63 64 64 65 65 66 66 67 67 68 68 69 69 69 70 70 71 71 72 72 73 73 74 74 75 75 75 76 76 77 77 78 78 79 79 80 80 81 81 81 82 82 83 83 84 84 85 85 86 86 87 87 88 88 88 89 89 90 90 91 91 92 92 93 93 94 94 95 95 96 96 96 97 97 98 98 99 99 100 100 101 101 102 102 103 103 104 104 104 105 105 106 106 107 107 108 108 109 109 110 110 111 111 112 112 113 113 113 114 114 115 115 116 116 117 117 118 118 119 119 120 120 121 121 122 122 122 123 123 124 124 125 125 126 126 127 127 128 128 129 129 130 130 131 131 132 132 133 133 133 134 134 135 135 136 136 137 137 138 138 139 139 140 140 141 141 142 142 143 143 144 144 145 
57 58 58 59 59 59 60 60 61 61 62 62 63 63 64 64 64 65 65 66 66 67 67 68 68 69 69 69 70 70 71 71 72 72 73 73 74 74 74 75 75 76 76 77 77 78 78 79 79 79 80 80 81 81 82 82 83 83 84 84 85 85 85 86 86 87 87 88 88 89 89 90 90 90 91 91 92 92 93 93 94 94 95 95 96 96 96 97 97 98 98 99 99 100 100 101 101 102 102 103 103 103 104 104 105 105 106 106 107 107 108 108 109 109 109 110 110 111 111 112 112 113 113 114 114 115 115 116 116 116 117 117 118 118 119 119 120 120 121 121 122 122 123 123 124 124 124 125 125 126 126 127 127 128 128 129 129 130 130 131 131 132 132 132 133 133 134 134 135 135 136 136 137 137 138 138 139 139 140 140 140 141 141 142 142 143 143 144 
58 58 59 59 60 60 60 61 61 62 62 63 63 64 64 64 65 65 66 66 67 67 68 68 69 69 69 70 70 71 71 72 72 73 73 73 74 74 75 75 76 76 77 77 77 78 78 79 79 80 80 81 81 82 82 82 83 83 84 84 85 85 86 86 87 87 87 88 88 89 89 90 90 91 91 92 92 92 93 93 94 94 95 95 96 96 97 97 97 98 98 99 99 100 100 101 101 102 102 102 103 103 104 104 105 105 106 106 107 107 107 108 108 109 109 110 110 111 111 112 112 113 113 113 114 114 115 115 116 116 117 117 118 118 119 119 119 120 120 121 121 122 122 123 123 124 124 125 125 125 126 126 127 127 128 128 129 129 130 130 131 131 131 132 132 133 133 134 134 135 135 136 136 137 137 138 138 138 139 139 140 140 141 141 142 142 143 143 
58 59 59 60 60 61 61 61 62 62 63 63 64 64 65 65 65 66 66 67 67 68 68 69 69 69 70 70 71 71 72 72 72 73 73 74 74 75 75 76 76 76 77 77 78 78 79 79 80 80 80 81 81 82 82 83 83 84 84 84 85 85 86 86 87 87 88 88 88 89 89 90 90 91 91 92 92 93 93 93 94 94 95 95 96 96 97 97 97 98 98 99 99 100 100 101 101 101 102 102 103 103 104 104 105 105 106 106 106 107 107 108 108 109 109 110 110 110 111 111 112 112 113 113 114 114 115 115 115 116 116 117 117 118 118 119 119 120 120 120 121 121 122 122 123 123 124 124 125 125 125 126 126 127 127 128 128 129 129 130 130 130 131 131 132 132 133 133 134 134 135 135 136 136 136 137 137 138 138 139 139 140 140 141 141 141 142 142 
59 59 60 60 61 61 62 62 62 63 63 64 64 65 65 65 66 66 67 67 68 68 69 69 69 70 70 71 71 72 72 72 73 73 74 74 75 75 75 76 76 77 77 78 78 79 79 79 80 80 81 81 82 82 82 83 83 84 84 85 85 86 86 86 87 87 88 88 89 89 90 90 90 91 91 92 92 93 93 93 94 94 95 95 96 96 97 97 97 98 98 99 99 100 100 101 101 101 102 102 103 103 104 104 105 105 105 106 106 107 107 108 108 109 109 109 110 110 111 111 112 112 113 113 113 114 114 115 115 116 116 117 117 117 118 118 119 119 120 120 121 121 121 122 122 123 123 124 124 125 125 126 126 126 127 127 128 128 129 129 130 130 130 131 131 132 132 133 133 134 134 135 135 135 136 136 137 137 138 138 139 139 139 140 140 141 141 142 
60 60 60 61 61 62 62 63 63 63 64 64 65 65 66 66 66 67 67 68 68 69 69 69 70 70 71 71 72 72 72 73 73 74 74 75 75 75 76 76 77 77 78 78 78 79 79 80 80 81 81 81 82 82 83 83 84 84 84 85 85 86 86 87 87 87 88 88 89 89 90 90 91 91 91 92 92 93 93 94 94 94 95 95 96 96 97 97 97 98 98 99 99 100 100 101 101 101 102 102 103 103 104 104 104 105 105 106 106 107 107 108 108 108 109 109 110 110 111 111 111 112 112 113 113 114 114 115 115 115 116 116 117 117 118 118 118 119 119 120 120 121 121 122 122 122 123 123 124 124 125 125 126 126 126 127 127 128 128 129 129 130 130 130 131 131 132 132 133 133 134 134 134 135 135 136 136 137 137 138 138 138 139 139 140 140 141 141 
60 60 61 61 62 62 63 63 63 64 64 65 65 66 66 66 67 67 68 68 69 69 69 70 70 71 71 71 72 72 73 73 74 74 74 75 75 76 76 77 77 77 78 78 79 79 80 80 80 81 81 82 82 83 83 83 84 84 85 85 85 86 86 87 87 88 88 88 89 89 90 90 91 91 91 92 92 93 93 94 94 94 95 95 96 96 97 97 97 98 98 99 99 100 100 100 101 101 102 102 103 103 103 104 104 105 105 106 106 107 107 107 108 108 109 109 110 110 110 111 111 112 112 113 113 113 114 114 115 115 116 116 116 117 117 118 118 119 119 120 120 120 121 121 122 122 123 123 123 124 124 125 125 126 126 126 127 127 128 128 129 129 130 130 130 131 131 132 132 133 133 133 134 134 135 135 136 136 137 137 137 138 138 139 139 140 140 140 
61 61 61 62 62 63 63 64 64 64 65 65 66 66 66 67 67 68 68 69 69 69 70 70 71 71 71 72 72 73 73 74 74 74 75 75 76 76 76 77 77 78 78 79 79 79 80 80 81 81 81 82 82 83 83 84 84 84 85 85 86 86 87 87 87 88 88 89 89 89 90 90 91 91 92 92 92 93 93 94 94 95 95 95 96 96 97 97 97 98 98 99 99 100 100 100 101 101 102 102 103 103 103 104 104 105 105 106 106 106 107 107 108 108 109 109 109 110 110 111 111 112 112 112 113 113 114 114 114 115 115 116 116 117 117 117 118 118 119 119 120 120 120 121 121 122 122 123 123 123 124 124 125 125 126 126 126 127 127 128 128 129 129 130 130 130 131 131 132 132 133 133 133 134 134 135 135 136 136 136 137 137 138 138 139 139 139 140 
61 62 62 62 63 63 64 64 64 65 65 66 66 66 67 67 68 68 69 69 69 70 70 71 71 71 72 72 73 73 73 74 74 75 75 75 76 76 77 77 78 78 78 79 79 80 80 80 81 81 82 82 83 83 83 84 84 85 85 85 86 86 87 87 87 88 88 89 89 90 90 90 91 91 92 92 92 93 93 94 94 95 95 95 96 96 97 97 97 98 98 99 99 100 100 100 101 101 102 102 103 103 103 104 104 105 105 105 106 106 107 107 108 108 108 109 109 110 110 110 111 111 112 112 113 113 113 114 114 115 115 116 116 116 117 117 118 118 118 119 119 120 120 121 121 121 122 122 123 123 124 124 124 125 125 126 126 127 127 127 128 128 129 129 129 130 130 131 131 132 132 132 133 133 134 134 135 135 135 136 136 137 137 138 138 138 139 139 
62 62 62 63 63 64 64 64 65 65 66 66 66 67 67 68 68 69 69 69 70 70 71 71 71 72 72 73 73 73 74 74 75 75 75 76 76 77 77 77 78 78 79 79 79 80 80 81 81 82 82 82 83 83 84 84 84 85 85 86 86 86 87 87 88 88 88 89 89 90 90 91 91 91 92 92 93 93 93 94 94 95 95 95 96 96 97 97 97 98 98 99 99 100 100 100 101 101 102 102 102 103 103 104 104 105 105 105 106 106 107 107 107 108 108 109 109 109 110 110 111 111 112 112 112 113 113 114 114 114 115 115 116 116 117 117 117 118 118 119 119 119 120 120 121 121 122 122 122 123 123 124 124 124 125 125 126 126 127 127 127 128 128 129 129 129 130 130 131 131 132 132 132 133 133 134 134 135 135 135 136 136 137 137 137 138 138 139 
62 63 63 63 64 64 65 65 65 66 66 67 67 67 68 68 69 69 69 70 70 71 71 71 72 72 73 73 73 74 74 75 75 75 76 76 77 77 77 78 78 79 79 79 80 80 81 81 81 82 82 83 83 83 84 84 85 85 85 86 86 87 87 87 88 88 89 89 89 90 90 91 91 91 92 92 93 93 93 94 94 95 95 95 96 96 97 97 98 98 98 99 99 100 100 100 101 101 102 102 102 103 103 104 104 104 105 105 106 106 106 107 107 108 108 109 109 109 110 110 111 111 111 112 112 113 113 113 114 114 115 115 115 116 116 117 117 118 118 118 119 119 120 120 120 121 121 122 122 122 123 123 124 124 125 125 125 126 126 127 127 127 128 128 129 129 129 130 130 131 131 132 132 132 133 133 134 134 134 135 135 136 136 136 137 137 138 138 
63 63 63 64 64 65 65 65 66 66 67 67 67 68 68 69 69 69 70 70 70 71 71 72 72 72 73 73 74 74 74 75 75 76 76 76 77 77 78 78 78 79 79 80 80 80 81 81 82 82 82 83 83 84 84 84 85 85 86 86 86 87 87 88 88 88 89 89 90 90 90 91 91 92 92 92 93 93 94 94 94 95 95 96 96 96 97 97 98 98 98 99 99 100 100 100 101 101 102 102 102 103 103 104 104 104 105 105 106 106 106 107 107 108 108 108 109 109 110 110 110 111 111 112 112 112 113 113 114 114 114 115 115 116 116 116 117 117 118 118 118 119 119 120 120 120 121 121 122 122 123 123 123 124 124 125 125 125 126 126 127 127 127 128 128 129 129 129 130 130 131 131 131 132 132 133 133 134 134 134 135 135 136 136 136 137 137 138 
63 63 64 64 65 65 65 66 66 67 67 67 68 68 69 69 69 70 70 70 71 71 72 72 72 73 73 74 74 74 75 75 76 76 76 77 77 77 78 78 79 79 79 80 80 81 81 81 82 82 83 83 83 84 84 85 85 85 86 86 86 87 87 88 88 88 89 89 90 90 90 91 91 92 92 92 93 93 94 94 94 95 95 96 96 96 97 97 98 98 98 99 99 100 100 100 101 101 101 102 102 103 103 103 104 104 105 105 105 106 106 107 107 107 108 108 109 109 109 110 110 111 111 111 112 112 113 113 113 114 114 115 115 115 116 116 117 117 117 118 118 119 119 119 120 120 121 121 121 122 122 123 123 123 124 124 125 125 125 126 126 127 127 127 128 128 129 129 129 130 130 131 131 131 132 132 133 133 133 134 134 135 135 135 136 136 137 137 
64 64 64 65 65 65 66 66 67 67 67 68 68 69 69 69 70 70 70 71 71 72 72 72 73 73 74 74 74 75 75 75 76 76 77 77 77 78 78 79 79 79 80 80 80 81 81 82 82 82 83 83 84 84 84 85 85 85 86 86 87 87 87 88 88 89 89 89 90 90 91 91 91 92 92 92 93 93 94 94 94 95 95 96 96 96 97 97 98 98 98 99 99 99 100 100 101 101 101 102 102 103 103 103 104 104 105 105 105 106 106 107 107 107 108 108 108 109 109 110 110 110 111 111 112 112 112 113 113 114 114 114 115 115 116 116 116 117 117 118 118 118 119 119 120 120 120 121 121 121 122 122 123 123 123 124 124 125 125 125 126 126 127 127 127 128 128 129 129 129 130 130 131 131 131 132 132 133 133 133 134 134 135 135 135 136 136 137 
64 64 65 65 65 66 66 67 67 67 68 68 69 69 69 70 70 70 71 71 72 72 72 73 73 73 74 74 75 75 75 76 76 76 77 77 78 78 78 79 79 80 80 80 81 81 81 82 82 83 83 83 84 84 84 85 85 86 86 86 87 87 88 88 88 89 89 89 90 90 91 91 91 92 92 93 93 93 94 94 94 95 95 96 96 96 97 97 98 98 98 99 99 99 100 100 101 101 101 102 102 103 103 103 104 104 104 105 105 106 106 106 107 107 108 108 108 109 109 110 110 110 111 111 111 112 112 113 113 113 114 114 115 115 115 116 116 117 117 117 118 118 118 119 119 120 120 120 121 121 122 122 122 123 123 124 124 124 125 125 125 126 126 127 127 127 128 128 129 129 129 130 130 131 131 131 132 132 133 133 133 134 134 135 135 135 136 136 
64 65 65 66 66 66 67 67 67 68 68 69 69 69 70 70 70 71 71 71 72 72 73 73 73 74 74 74 75 75 76 76 76 77 77 78 78 78 79 79 79 80 80 81 81 81 82 82 82 83 83 84 84 84 85 85 85 86 86 87 87 87 88 88 88 89 89 90 90 90 91 91 91 92 92 93 93 93 94 94 95 95 95 96 96 96 97 97 98 98 98 99 99 99 100 100 101 101 101 102 102 102 103 103 104 104 104 105 105 106 106 106 107 107 107 108 108 109 109 109 110 110 111 111 111 112 112 112 113 113 114 114 114 115 115 116 116 116 117 117 117 118 118 119 119 119 120 120 121 121 121 122 122 122 123 123 124 124 124 125 125 126 126 126 127 127 127 128 128 129 129 129 130 130 131 131 131 132 132 132 133 133 134 134 134 135 135 136 
65 65 66 66 66 67 67 67 68 68 69 69 69 70 70 70 71 71 71 72 72 73 73 73 74 74 74 75 75 76 76 76 77 77 77 78 78 79 79 79 80 80 80 81 81 81 82 82 83 83 83 84 84 84 85 85 86 86 86 87 87 87 88 88 89 89 89 90 90 90 91 91 92 92 92 93 93 93 94 94 95 95 95 96 96 96 97 97 98 98 98 99 99 99 100 100 101 101 101 102 102 102 103 103 104 104 104 105 105 105 106 106 107 107 107 108 108 108 109 109 110 110 110 111 111 112 112 112 113 113 113 114 114 115 115 115 116 116 116 117 117 118 118 118 119 119 119 120 120 121 121 121 122 122 123 123 123 124 124 124 125 125 126 126 126 127 127 127 128 128 129 129 129 130 130 131 131 131 132 132 132 133 133 134 134 134 135 135 
65 66 66 66 67 67 67 68 68 69 69 69 70 70 70 71 71 71 72 72 73 73 73 74 74 74 75 75 75 76 76 77 77 77 78 78 78 79 79 79 80 80 81 81 81 82 82 82 83 83 84 84 84 85 85 85 86 86 86 87 87 88 88 88 89 89 89 90 90 91 91 91 92 92 92 93 93 93 94 94 95 95 95 96 96 96 97 97 98 98 98 99 99 99 100 100 101 101 101 102 102 102 103 103 104 104 104 105 105 105 106 106 106 107 107 108 108 108 109 109 109 110 110 111 111 111 112 112 112 113 113 114 114 114 115 115 115 116 116 117 117 117 118 118 118 119 119 120 120 120 121 121 121 122 122 123 123 123 124 124 124 125 125 126 126 126 127 127 127 128 128 129 129 129 130 130 130 131 131 132 132 132 133 133 134 134 134 135 
66 66 66 67 67 67 68 68 69 69 69 70 70 70 71 71 71 72 72 72 73 73 74 74 74 75 75 75 76 76 76 77 77 78 78 78 79 79 79 80 80 80 81 81 82 82 82 83 83 83 84 84 84 85 85 86 86 86 87 87 87 88 88 88 89 89 90 90 90 91 91 91 92 92 92 93 93 94 94 94 95 95 95 96 96 96 97 97 98 98 98 99 99 99 100 100 101 101 101 102 102 102 103 103 103 104 104 105 105 105 106 106 106 107 107 107 108 108 109 109 109 110 110 110 111 111 112 112 112 113 113 113 114 114 114 115 115 116 116 116 117 117 117 118 118 119 119 119 120 120 120 121 121 122 122 122 123 123 123 124 124 125 125 125 126 126 126 127 127 127 128 128 129 129 129 130 130 130 131 131 132 132 132 133 133 133 134 134 
66 66 67 67 67 68 68 69 69 69 70 70 70 71 71 71 72 72 72 73 73 73 74 74 75 75 75 76 76 76 77 77 77 78 78 78 79 79 80 80 80 81 81 81 82 82 82 83 83 84 84 84 85 85 85 86 86 86 87 87 87 88 88 89 89 89 90 90 90 91 91 91 92 92 93 93 93 94 94 94 95 95 95 96 96 96 97 97 98 98 98 99 99 99 100 100 100 101 101 102 102 102 103 103 103 104 104 104 105 105 106 106 106 107 107 107 108 108 108 109 109 110 110 110 111 111 111 112 112 112 113 113 114 114 114 115 115 115 116 116 116 117 117 118 118 118 119 119 119 120 120 121 121 121 122 122 122 123 123 123 124 124 125 125 125 126 126 126 127 127 127 128 128 129 129 129 130 130 130 131 131 132 132 132 133 133 133 134 
66 67 67 67 68 68 69 69 69 70 70 70 71 71 71 72 72 72 73 73 73 74 74 74 75 75 76 76 76 77 77 77 78 78 78 79 79 79 80 80 81 81 81 82 82 82 83 83 83 84 84 84 85 85 85 86 86 87 87 87 88 88 88 89 89 89 90 90 90 91 91 92 92 92 93 93 93 94 94 94 95 95 95 96 96 97 97 97 98 98 98 99 99 99 100 100 100 101 101 102 102 102 103 103 103 104 104 104 105 105 105 106 106 107 107 107 108 108 108 109 109 109 110 110 111 111 111 112 112 112 113 113 113 114 114 114 115 115 116 116 116 117 117 117 118 118 118 119 119 120 120 120 121 121 121 122 122 122 123 123 124 124 124 125 125 125 126 126 126 127 127 128 128 128 129 129 129 130 130 130 131 131 132 132 132 133 133 133 
67 67 67 68 68 69 69 69 70 70 70 71 71 71 72 72 72 73 73 73 74 74 74 75 75 75 76 76 77 77 77 78 78 78 79 79 79 80 80 80 81 81 81 82 82 82 83 83 84 84 84 85 85 85 86 86 86 87 87 87 88 88 88 89 89 89 90 90 91 91 91 92 92 92 93 93 93 94 94 94 95 95 95 96 96 97 97 97 98 98 98 99 99 99 100 100 100 101 101 101 102 102 103 103 103 104 104 104 105 105 105 106 106 106 107 107 108 108 108 109 109 109 110 110 110 111 111 111 112 112 112 113 113 114 114 114 115 115 115 116 116 116 117 117 117 118 118 119 119 119 120 120 120 121 121 121 122 122 122 123 123 124 124 124 125 125 125 126 126 126 127 127 128 128 128 129 129 129 130 130 130 131 131 131 132 132 133 133 
67 67 68 68 69 69 69 70 70 70 71 71 71 72 72 72 73 73 73 74 74 74 75 75 75 76 76 76 77 77 77 78 78 78 79 79 80 80 80 81 81 81 82 82 82 83 83 83 84 84 84 85 85 85 86 86 86 87 87 87 88 88 89 89 89 90 90 90 91 91 91 92 92 92 93 93 93 94 94 94 95 95 96 96 96 97 97 97 98 98 98 99 99 99 100 100 100 101 101 101 102 102 102 103 103 104 104 104 105 105 105 106 106 106 107 107 107 108 108 108 109 109 110 110 110 111 111 111 112 112 112 113 113 113 114 114 114 115 115 115 116 116 117 117 117 118 118 118 119 119 119 120 120 120 121 121 121 122 122 123 123 123 124 124 124 125 125 125 126 126 126 127 127 128 128 128 129 129 129 130 130 130 131 131 131 132 132 133 
67 68 68 69 69 69 70 70 70 71 71 71 72 72 72 73 73 73 74 74 74 75 75 75 76 76 76 77 77 77 78 78 78 79 79 79 80 80 80 81 81 81 82 82 82 83 83 84 84 84 85 85 85 86 86 86 87 87 87 88 88 88 89 89 89 90 90 90 91 91 91 92 92 92 93 93 93 94 94 94 95 95 96 96 96 97 97 97 98 98 98 99 99 99 100 100 100 101 101 101 102 102 102 103 103 103 104 104 105 105 105 106 106 106 107 107 107 108 108 108 109 109 109 110 110 110 111 111 111 112 112 113 113 113 114 114 114 115 115 115 116 116 116 117 117 117 118 118 118 119 119 119 120 120 121 121 121 122 122 122 123 123 123 124 124 124 125 125 125 126 126 126 127 127 128 128 128 129 129 129 130 130 130 131 131 131 132 132 
68 68 69 69 69 70 70 70 71 71 71 72 72 72 73 73 73 74 74 74 75 75 75 76 76 76 77 77 77 78 78 78 79 79 79 80 80 80 81 81 81 82 82 82 83 83 83 84 84 84 85 85 85 86 86 86 87 87 87 88 88 88 89 89 89 90 90 90 91 91 91 92 92 92 93 93 94 94 94 95 95 95 96 96 96 97 97 97 98 98 98 99 99 99 100 100 100 101 101 101 102 102 102 103 103 103 104 104 104 105 105 105 106 106 107 107 107 108 108 108 109 109 109 110 110 110 111 111 111 112 112 112 113 113 113 114 114 114 115 115 115 116 116 116 117 117 118 118 118 119 119 119 120 120 120 121 121 121 122 122 122 123 123 123 124 124 124 125 125 125 126 126 127 127 127 128 128 128 129 129 129 130 130 130 131 131 131 132 
